// MilkShape 3D ASCII

Frames: 30
Frame: 1

Meshes: 3
"Frame" 0 0
27
0 0.000000 -31.071068 0.000000 0.062361 1.009897 -1
0 32.071068 1.000000 0.000000 0.127761 0.488650 -1
0 0.000000 -28.242641 0.000000 0.062361 0.963928 -1
0 29.242641 1.000000 0.000000 0.121993 0.488650 -1
0 19.000000 14.071068 0.000000 0.101105 0.276208 -1
0 19.000000 11.242641 0.000000 0.101105 0.322178 -1
0 11.000000 6.071067 0.000000 0.084792 0.406232 -1
0 9.000000 1.242640 0.000000 0.080714 0.484707 -1
0 11.000000 30.000000 0.000000 0.084792 0.017316 -1
0 9.000000 28.000000 0.000000 0.080714 0.049822 -1
0 -11.000000 30.000000 0.000000 0.039929 0.017316 -1
0 -9.000000 28.000000 0.000000 0.044008 0.049822 -1
0 -11.000000 6.071067 0.000000 0.039929 0.406231 -1
0 -9.000000 1.242640 0.000000 0.044008 0.484707 -1
0 -19.000000 14.071068 0.000000 0.023616 0.276207 -1
0 -19.000000 11.242641 0.000000 0.023616 0.322178 -1
0 -32.071068 1.000000 0.000000 0.000321 0.488650 -1
0 -29.242641 1.000000 0.000000 0.002729 0.488650 -1
0 0.000000 -24.000000 7.500000 0.062361 0.894973 -1
0 25.000000 1.000000 7.500000 0.113341 0.488650 -1
0 19.000000 7.000000 7.500000 0.101105 0.391133 -1
0 6.000000 -6.000000 7.500000 0.074596 0.602420 -1
0 6.000000 25.000000 7.500000 0.074596 0.098581 -1
0 -6.000000 25.000000 7.500000 0.050124 0.098581 -1
0 -6.000000 -6.000000 7.500000 0.050124 0.602420 -1
0 -19.000000 7.000000 7.500000 0.023616 0.391133 -1
0 -25.000000 1.000000 7.500000 0.011380 0.488650 -1
19
0.000000 0.000000 1.000000
-0.278639 -0.835917 0.472866
0.835917 -0.278639 0.472866
0.278639 -0.835917 0.472866
0.835917 0.278639 0.472866
0.278639 0.835917 0.472866
-0.278639 0.835917 0.472866
-0.217960 0.744161 0.631441
0.680322 0.372080 0.631441
0.788110 0.394055 0.472866
0.394055 0.788110 0.472866
-0.394055 0.788110 0.472866
-0.788110 0.394055 0.472866
-0.680322 0.372080 0.631441
0.217960 0.744161 0.631441
0.278639 0.835917 0.472866
-0.278639 0.835917 0.472866
-0.835917 0.278639 0.472866
-0.835917 -0.278639 0.472866
43
0 0 1 2 0 0 0 1
0 1 3 2 0 0 0 1
0 1 4 3 0 0 0 1
0 4 5 3 0 0 0 1
0 4 6 5 0 0 0 1
0 6 7 5 0 0 0 1
0 6 8 7 0 0 0 1
0 8 9 7 0 0 0 1
0 8 10 9 0 0 0 1
0 10 11 9 0 0 0 1
0 10 12 11 0 0 0 1
0 12 13 11 0 0 0 1
0 12 14 13 0 0 0 1
0 14 15 13 0 0 0 1
0 14 16 15 0 0 0 1
0 16 17 15 0 0 0 1
0 16 0 17 0 0 0 1
0 0 2 17 0 0 0 1
0 2 3 18 1 2 3 6
0 3 19 18 2 4 3 6
0 3 5 19 2 5 4 6
0 5 20 19 5 6 4 6
0 5 7 20 5 7 6 6
0 7 21 20 7 8 6 6
0 7 9 21 7 9 8 6
0 9 22 21 9 10 8 6
0 9 11 22 9 11 10 6
0 11 23 22 11 12 10 6
0 11 13 23 11 13 12 6
0 13 24 23 13 14 12 6
0 13 15 24 13 15 14 6
0 15 25 24 15 16 14 6
0 15 17 25 15 17 16 6
0 17 26 25 17 18 16 6
0 17 2 26 17 1 18 6
0 2 18 26 1 3 18 6
0 25 26 18 0 0 0 11
0 24 25 18 0 0 0 11
0 22 23 24 0 0 0 11
0 21 22 24 0 0 0 11
0 21 24 18 0 0 0 11
0 21 18 19 0 0 0 11
0 20 21 19 0 0 0 11
"Fill" 0 1
10
0 6.000000 25.000000 7.450000 0.038750 0.000000 -1
0 0.000000 25.000000 7.450000 0.031250 0.000000 -1
0 0.000000 -24.000000 7.450000 0.031250 0.500000 -1
0 6.000000 -6.000000 7.450000 0.038750 0.316327 -1
0 25.000000 1.000000 7.450000 0.062500 0.244898 -1
0 19.000000 7.000000 7.450000 0.055000 0.183673 -1
0 -6.000000 -6.000000 7.450000 0.023750 0.316327 -1
0 -19.000000 7.000000 7.450000 0.007500 0.183673 -1
0 -25.000000 1.000000 7.450000 -0.000000 0.244898 -1
0 -6.000000 25.000000 7.450000 0.023750 0.000000 -1
1
0.000000 0.000000 1.000000
8
0 0 1 2 0 0 0 11
0 3 0 2 0 0 0 11
0 3 2 4 0 0 0 11
0 5 3 4 0 0 0 11
0 6 7 8 0 0 0 11
0 6 8 2 0 0 0 11
0 6 2 1 0 0 0 11
0 9 6 1 0 0 0 11
"Fill2" 0 1
12
0 6.000000 25.000000 7.550000 0.082644 0.004397 -1
0 0.000000 25.000000 7.550000 0.080573 0.070688 -1
0 0.000000 -24.000000 7.550000 0.097491 0.612068 -1
0 6.000000 -6.000000 7.550000 0.093348 0.346902 -1
0 25.000000 1.000000 7.550000 0.097491 0.059640 -1
0 19.000000 7.000000 7.550000 0.093348 0.059640 -1
0 -6.000000 -6.000000 7.550000 0.093348 0.346902 -1
0 -19.000000 7.000000 7.550000 0.093348 0.059640 -1
0 -25.000000 1.000000 7.550000 0.089204 0.059640 -1
0 0.000000 -24.000000 7.550000 0.089204 0.612068 -1
0 0.000000 25.000000 7.550000 0.106122 0.070688 -1
0 -6.000000 25.000000 7.550000 0.104051 0.004397 -1
1
0.000000 0.000000 1.000000
8
0 0 1 2 0 0 0 11
0 3 0 2 0 0 0 11
0 3 2 4 0 0 0 11
0 5 3 4 0 0 0 11
0 6 7 8 0 0 0 11
0 6 8 9 0 0 0 11
0 6 9 10 0 0 0 11
0 11 6 10 0 0 0 11

Materials: 2
"Frametex"
0.200000 0.200000 0.200000 1.000000
0.800000 0.800000 0.800000 1.000000
0.000000 0.000000 0.000000 1.000000
0.000000 0.000000 0.000000 1.000000
0.000000
1.000000
"textures\Frame.png"
""
"Filltex"
0.200000 0.200000 0.200000 1.000000
0.800000 0.800000 0.800000 1.000000
0.000000 0.000000 0.000000 1.000000
0.000000 0.000000 0.000000 1.000000
0.000000
1.000000
"textures\Fill.ini"
""

Bones: 0
GroupComments: 0
MaterialComments: 0
BoneComments: 0
ModelComment: 0
