// MilkShape 3D ASCII

Frames: 30
Frame: 1

Meshes: 2
"default" 0 0
34
1 -1.666667 28.000053 0.000001 0.128472 0.266575 -1
1 1.666667 28.000053 0.000002 0.121528 0.266575 -1
1 -2.333333 30.000059 0.000001 0.129861 0.250000 -1
1 -18.333336 10.000020 -0.000003 0.163194 0.415746 -1
1 -10.000002 4.333342 -0.000002 0.145833 0.462707 -1
1 -17.666668 12.000023 -0.000003 0.161806 0.399171 -1
1 -10.000002 -0.000000 -0.000002 0.145833 0.498619 -1
1 -8.000001 21.666710 -0.000000 0.141667 0.319061 -1
1 -10.000002 22.333374 -0.000001 0.145833 0.313536 -1
1 -0.000000 -28.000055 -0.000001 0.125000 0.730663 -1
1 -28.000004 0.333334 -0.000005 0.183333 0.495856 -1
1 -30.000004 -0.333334 -0.000005 0.187500 0.501381 -1
1 -0.000000 -30.333393 -0.000001 0.125000 0.750000 -1
1 -28.000004 5.666678 -0.000005 0.183333 0.451657 -1
1 -30.000004 6.333346 -0.000005 0.187500 0.446133 -1
1 -23.666672 10.000019 -0.000004 0.174306 0.415746 -1
1 -24.333334 12.000024 -0.000004 0.175694 0.399171 -1
1 -8.000001 -0.000000 -0.000001 0.141667 0.498619 -1
1 -10.000002 1.666670 -0.000002 0.145833 0.484807 -1
1 2.333333 30.000059 0.000002 0.120139 0.250000 -1
1 18.333334 10.000018 0.000004 0.086806 0.415746 -1
1 17.666670 12.000024 0.000004 0.088194 0.399171 -1
1 10.000001 4.333342 0.000002 0.104167 0.462707 -1
1 10.000001 0.000000 0.000002 0.104167 0.498619 -1
1 10.000001 22.333378 0.000003 0.104167 0.313536 -1
1 8.000001 21.666710 0.000002 0.108333 0.319061 -1
1 30.000006 -0.333334 0.000005 0.062500 0.501381 -1
1 28.000002 0.333334 0.000005 0.066667 0.495856 -1
1 28.000002 5.666679 0.000005 0.066667 0.451658 -1
1 30.000006 6.333347 0.000006 0.062500 0.446133 -1
1 23.666668 10.000019 0.000005 0.075694 0.415746 -1
1 24.333336 12.000023 0.000005 0.074306 0.399171 -1
1 8.000001 0.000000 0.000001 0.108333 0.498619 -1
1 10.000001 1.666670 0.000002 0.104167 0.484807 -1
1
-0.000000 -0.000000 1.000000
30
0 0 1 2 0 0 0 1
0 3 4 5 0 0 0 1
0 6 7 8 0 0 0 1
0 7 0 2 0 0 0 1
0 7 2 8 0 0 0 1
0 9 10 11 0 0 0 1
0 11 12 9 0 0 0 1
0 13 14 11 0 0 0 1
0 11 10 13 0 0 0 1
0 15 16 14 0 0 0 1
0 14 13 15 0 0 0 1
0 3 5 16 0 0 0 1
0 16 15 3 0 0 0 1
0 6 17 7 0 0 0 1
0 18 4 3 0 0 0 1
0 1 19 2 0 0 0 1
0 20 21 22 0 0 0 1
0 23 24 25 0 0 0 1
0 25 19 1 0 0 0 1
0 25 24 19 0 0 0 1
0 9 26 27 0 0 0 1
0 26 9 12 0 0 0 1
0 28 26 29 0 0 0 1
0 26 28 27 0 0 0 1
0 30 29 31 0 0 0 1
0 29 30 28 0 0 0 1
0 20 31 21 0 0 0 1
0 31 20 30 0 0 0 1
0 23 25 32 0 0 0 1
0 33 20 22 0 0 0 1
"mipmap-fill" 0 0
77
0 -0.000000 -21.666712 -0.000001 0.518389 0.312455 -1
0 -5.666667 -6.000012 -0.000001 0.517917 0.312455 -1
0 -8.333335 -6.000012 -0.000002 0.517694 0.312455 -1
0 -1.666667 -10.000020 -0.000001 0.518250 0.312455 -1
0 1.666667 -10.000020 -0.000000 0.518528 0.312455 -1
0 -19.666668 5.333344 -0.000003 0.516750 0.312455 -1
0 -21.666670 5.333344 -0.000004 0.516583 0.312455 -1
0 -23.333336 3.666674 -0.000004 0.516444 0.312455 -1
0 -23.333336 1.666670 -0.000004 0.516444 0.312455 -1
0 19.666670 5.333344 0.000004 0.520028 0.312455 -1
0 8.333334 -6.000012 0.000001 0.519083 0.312455 -1
0 21.666670 5.333344 0.000004 0.520194 0.312455 -1
0 23.333336 3.666674 0.000004 0.520333 0.312455 -1
0 23.333336 1.666670 0.000004 0.520333 0.312455 -1
0 5.666667 -6.000012 0.000001 0.518861 0.312455 -1
0 -4.000000 -4.333342 -0.000001 0.509305 0.312455 -1
0 -0.000000 -8.333351 -0.000000 0.509639 0.312455 -1
0 4.000000 -4.333342 0.000001 0.509972 0.312455 -1
0 1.666667 4.000008 0.000000 0.509778 0.312455 -1
0 4.000000 6.333347 0.000001 0.509972 0.312455 -1
0 -1.666667 4.000008 -0.000000 0.509500 0.312455 -1
0 -4.000000 6.333346 -0.000000 0.509305 0.312455 -1
0 -4.000000 9.666685 -0.000000 0.500555 0.312455 -1
0 0.000000 5.666678 0.000000 0.500889 0.312455 -1
0 4.000000 9.666685 0.000001 0.501222 0.312455 -1
0 1.000000 21.333374 0.000001 0.500972 0.312455 -1
0 4.000000 18.333368 0.000002 0.501222 0.312455 -1
0 -1.000000 21.333374 0.000001 0.500805 0.312455 -1
0 -4.000001 18.333370 0.000000 0.500555 0.312455 -1
0 -1.666667 28.000053 0.000001 0.547500 0.077649 -1
0 -1.000000 21.333374 0.000001 0.547500 0.132897 -1
0 1.000000 21.333374 0.000001 0.547500 0.132897 -1
0 -8.000001 21.666710 -0.000000 0.547500 0.130135 -1
0 -4.000001 18.333370 0.000000 0.547500 0.157759 -1
0 -1.666667 4.000008 -0.000000 0.547500 0.276544 -1
0 0.000000 5.666678 0.000000 0.547500 0.262731 -1
0 -4.000000 9.666685 -0.000000 0.547500 0.229582 -1
0 -4.000000 6.333346 -0.000000 0.547500 0.257206 -1
0 1.666667 28.000053 0.000002 0.547500 0.077649 -1
0 1.666667 4.000008 0.000000 0.547500 0.276543 -1
0 -4.000000 -4.333342 -0.000001 0.547500 0.345604 -1
0 -5.666667 -6.000012 -0.000001 0.547500 0.359417 -1
0 -1.666667 -10.000020 -0.000001 0.547500 0.392566 -1
0 -0.000000 -8.333351 -0.000000 0.547500 0.378753 -1
0 -10.000002 -0.000000 -0.000002 0.547500 0.309693 -1
0 -8.333335 -6.000012 -0.000002 0.547500 0.359417 -1
0 -18.333336 10.000020 -0.000003 0.547500 0.226820 -1
0 -19.666668 5.333344 -0.000003 0.547500 0.265494 -1
0 -23.666672 10.000019 -0.000004 0.547500 0.226820 -1
0 -21.666670 5.333344 -0.000004 0.547500 0.265494 -1
0 -28.000004 5.666678 -0.000005 0.547500 0.262731 -1
0 -23.333336 3.666674 -0.000004 0.547500 0.279306 -1
0 -23.333336 1.666670 -0.000004 0.547500 0.295881 -1
0 -28.000004 0.333334 -0.000005 0.547500 0.306930 -1
0 -0.000000 -28.000055 -0.000001 0.547500 0.541737 -1
0 -0.000000 -21.666712 -0.000001 0.547500 0.489251 -1
0 -8.000001 -0.000000 -0.000001 0.547500 0.309693 -1
0 -10.000002 1.666670 -0.000002 0.547500 0.295880 -1
0 8.000001 21.666710 0.000002 0.547500 0.130135 -1
0 4.000000 18.333368 0.000002 0.547500 0.157759 -1
0 4.000000 9.666685 0.000001 0.547500 0.229582 -1
0 4.000000 6.333347 0.000001 0.547500 0.257206 -1
0 4.000000 -4.333342 0.000001 0.547500 0.345604 -1
0 1.666667 -10.000020 -0.000000 0.547500 0.392566 -1
0 5.666667 -6.000012 0.000001 0.547500 0.359416 -1
0 10.000001 0.000000 0.000002 0.547500 0.309693 -1
0 8.333334 -6.000012 0.000001 0.547500 0.359416 -1
0 18.333334 10.000018 0.000004 0.547500 0.226820 -1
0 19.666670 5.333344 0.000004 0.547500 0.265494 -1
0 23.666668 10.000019 0.000005 0.547500 0.226820 -1
0 21.666670 5.333344 0.000004 0.547500 0.265494 -1
0 28.000002 5.666679 0.000005 0.547500 0.262731 -1
0 23.333336 3.666674 0.000004 0.547500 0.279306 -1
0 23.333336 1.666670 0.000004 0.547500 0.295881 -1
0 28.000002 0.333334 0.000005 0.547500 0.306930 -1
0 8.000001 0.000000 0.000001 0.547500 0.309693 -1
0 10.000001 1.666670 0.000002 0.547500 0.295880 -1
1
-0.000000 -0.000000 1.000000
71
0 0 1 2 0 0 0 1
0 3 0 4 0 0 0 1
0 2 5 6 0 0 0 1
0 2 6 0 0 0 0 1
0 0 6 7 0 0 0 1
0 8 0 7 0 0 0 1
0 9 10 0 0 0 0 1
0 11 9 0 0 0 0 1
0 11 0 12 0 0 0 1
0 0 13 12 0 0 0 1
0 14 0 10 0 0 0 1
0 14 4 0 0 0 0 1
0 0 3 1 0 0 0 1
0 15 16 17 0 0 0 1
0 18 17 19 0 0 0 1
0 15 20 21 0 0 0 1
0 22 23 24 0 0 0 1
0 25 24 26 0 0 0 1
0 22 27 28 0 0 0 1
0 25 22 24 0 0 0 1
0 18 15 17 0 0 0 1
0 25 27 22 0 0 0 1
0 18 20 15 0 0 0 1
0 29 30 31 0 0 0 1
0 30 29 32 0 0 0 1
0 30 32 33 0 0 0 1
0 34 35 36 0 0 0 1
0 36 37 34 0 0 0 1
0 31 38 29 0 0 0 1
0 39 35 34 0 0 0 1
0 40 41 42 0 0 0 1
0 40 42 43 0 0 0 1
0 44 41 40 0 0 0 1
0 44 45 41 0 0 0 1
0 46 47 45 0 0 0 1
0 45 44 46 0 0 0 1
0 46 48 47 0 0 0 1
0 48 49 47 0 0 0 1
0 50 51 49 0 0 0 1
0 49 48 50 0 0 0 1
0 50 52 51 0 0 0 1
0 50 53 52 0 0 0 1
0 54 55 52 0 0 0 1
0 52 53 54 0 0 0 1
0 44 40 56 0 0 0 1
0 56 40 33 0 0 0 1
0 33 32 56 0 0 0 1
0 44 57 46 0 0 0 1
0 31 58 38 0 0 0 1
0 31 59 58 0 0 0 1
0 39 60 35 0 0 0 1
0 60 39 61 0 0 0 1
0 62 63 64 0 0 0 1
0 62 43 63 0 0 0 1
0 65 62 64 0 0 0 1
0 65 64 66 0 0 0 1
0 67 66 68 0 0 0 1
0 66 67 65 0 0 0 1
0 67 68 69 0 0 0 1
0 69 68 70 0 0 0 1
0 71 70 72 0 0 0 1
0 70 71 69 0 0 0 1
0 71 72 73 0 0 0 1
0 71 73 74 0 0 0 1
0 54 73 55 0 0 0 1
0 73 54 74 0 0 0 1
0 65 75 62 0 0 0 1
0 75 59 62 0 0 0 1
0 59 75 58 0 0 0 1
0 65 67 76 0 0 0 1
0 63 43 42 0 0 0 1

Materials: 2
"mipmap-fill"
1.000000 1.000000 1.000000 1.000000
0.800000 0.800000 0.800000 1.000000
0.500000 0.500000 0.500000 1.000000
0.000000 0.000000 0.000000 1.000000
0.128000
1.000000
"textures\Tap Lift parts (mipmaps).ini"
""
"mipmap-frame"
1.000000 1.000000 1.000000 1.000000
0.800000 0.800000 0.800000 1.000000
0.500000 0.500000 0.500000 1.000000
0.000000 0.000000 0.000000 1.000000
0.128000
1.000000
"textures\Tap Lift parts (mipmaps).ini"
""

Bones: 0
GroupComments: 0
MaterialComments: 0
BoneComments: 0
ModelComment: 0
