// MilkShape 3D ASCII

Frames: 30
Frame: 1

Meshes: 3
"default" 0 0
26
1 -16.263456 -16.263454 4.000008 0.023437 0.281250 -1
1 -16.263456 16.263458 3.999998 0.023437 0.281250 -1
1 -17.324116 15.202797 3.999998 0.031250 0.281250 -1
1 16.263456 16.263458 4.000004 0.023437 0.281250 -1
1 16.263456 -16.263454 4.000013 0.023437 0.281250 -1
1 17.324116 -15.202795 4.000013 0.031250 0.281250 -1
1 15.202796 -17.324114 4.000013 0.031250 0.281250 -1
1 -15.202796 17.324118 3.999998 0.031250 0.281250 -1
1 5.303299 -6.010405 8.500008 0.031250 0.281250 -1
1 -0.000001 0.000002 8.500006 0.015625 0.218750 -1
1 -5.656856 -5.656852 8.500007 0.023437 0.281250 -1
1 -5.303301 6.010409 8.500004 0.031250 0.281250 -1
1 5.656853 5.656857 8.500005 0.023437 0.281250 -1
1 -5.656855 5.656856 8.500004 0.023437 0.281250 -1
1 -6.010409 -5.303298 8.500007 0.031250 0.281250 -1
1 5.656853 -5.656852 8.500008 0.023437 0.281250 -1
1 6.010406 5.303303 8.500005 0.031250 0.281250 -1
1 -17.324116 -15.202795 4.000007 0.031250 0.281250 -1
1 -0.000000 0.000001 4.000006 0.015625 0.218750 -1
1 17.324116 15.202797 4.000004 0.031250 0.281250 -1
1 -15.202796 -17.324114 4.000008 0.031250 0.281250 -1
1 15.202796 17.324118 4.000003 0.031250 0.281250 -1
1 -5.303302 -6.010405 8.500006 0.031250 0.281250 -1
1 5.303299 6.010410 8.500005 0.031250 0.281250 -1
1 -6.010408 5.303302 8.500004 0.031250 0.281250 -1
1 6.010406 -5.303298 8.500008 0.031250 0.281250 -1
26
-0.000000 0.000000 1.000000
-0.000000 0.000000 1.000000
-0.000000 0.000000 1.000000
-0.000000 0.000000 1.000000
-0.000000 0.000000 1.000000
0.000000 0.000000 1.000000
-0.000000 0.000000 1.000000
-0.000000 0.000001 1.000000
-0.000000 0.000000 1.000000
-0.000000 0.000000 1.000000
0.000000 -0.000001 1.000000
-0.000000 0.000001 1.000000
-0.000000 0.000000 1.000000
-0.000000 0.000000 1.000000
-0.000000 0.000000 1.000000
-0.000000 0.000000 1.000000
-0.000000 0.000000 1.000000
-0.000000 0.000000 1.000000
-0.000000 0.000000 1.000000
0.000000 0.000000 1.000000
-0.000000 0.000000 1.000000
-0.000000 0.000000 1.000000
0.000000 -0.000000 1.000000
-0.000000 0.000000 1.000000
-0.000001 0.000001 1.000000
-0.000001 0.000001 1.000000
24
0 0 1 2 0 1 2 1
0 3 4 5 3 4 5 1
0 0 6 4 0 6 4 1
0 3 7 1 3 7 1 1
0 8 9 10 8 9 10 1
0 11 9 12 11 9 12 1
0 13 14 10 13 14 10 1
0 15 16 12 15 16 12 1
0 2 17 0 2 17 0 1
0 0 18 1 0 18 1 1
0 5 19 3 5 19 3 1
0 3 18 4 3 18 4 1
0 4 18 0 4 18 0 1
0 0 20 6 0 20 6 1
0 1 18 3 1 18 3 1
0 3 21 7 3 21 7 1
0 10 22 8 10 22 8 1
0 8 15 9 8 15 9 1
0 12 23 11 12 23 11 1
0 11 13 9 11 13 9 1
0 10 9 13 10 9 13 1
0 13 24 14 13 24 14 1
0 12 9 15 12 9 15 1
0 15 25 16 15 25 16 1
"Frame.Chrome" 0 2
160
1 -20.859650 -17.324114 0.000007 0.601562 0.000000 -1
1 -22.273861 18.031223 -0.000003 0.898438 1.000000 -1
1 -22.273863 -18.031221 0.000007 0.898438 0.000000 -1
1 -18.738329 15.909904 3.999998 0.101562 0.000000 -1
1 -20.859650 -17.324114 0.000007 0.398438 1.000000 -1
1 -18.738329 -15.909902 4.000007 0.101562 1.000000 -1
1 -20.859648 17.324116 -0.000003 0.601562 0.000000 -1
1 -20.152542 20.152544 -0.000004 0.898438 0.500000 -1
1 -22.273861 18.031223 -0.000003 0.898438 0.000000 -1
1 -15.909903 18.738331 3.999997 0.101562 0.000000 -1
1 -19.091881 19.091883 -0.000003 0.398438 0.500000 -1
1 -17.324116 17.324118 3.999998 0.101562 0.500000 -1
1 -18.031221 22.273863 -0.000004 0.898438 0.000000 -1
1 17.324116 20.859652 0.000002 0.601562 1.000000 -1
1 18.031223 22.273865 0.000002 0.898438 1.000000 -1
1 15.909903 18.738331 4.000003 0.101562 0.000000 -1
1 -17.324114 20.859650 -0.000003 0.398438 1.000000 -1
1 -15.909903 18.738331 3.999997 0.101562 1.000000 -1
1 -17.324114 20.859650 -0.000003 0.601562 1.000000 -1
1 -18.031221 22.273863 -0.000004 0.898438 1.000000 -1
1 -18.738329 15.909904 3.999998 0.101562 1.000000 -1
1 20.859650 17.324118 0.000004 0.601562 0.000000 -1
1 22.273865 -18.031221 0.000015 0.898438 1.000000 -1
1 22.273865 18.031223 0.000004 0.898438 0.000000 -1
1 18.738329 -15.909902 4.000013 0.101562 0.000000 -1
1 20.859650 17.324118 0.000004 0.398438 1.000000 -1
1 18.738329 15.909904 4.000004 0.101562 1.000000 -1
1 20.859652 -17.324116 0.000014 0.601562 0.000000 -1
1 20.152544 -20.152542 0.000015 0.898438 0.500000 -1
1 22.273865 -18.031221 0.000015 0.898438 0.000000 -1
1 15.909903 -18.738327 4.000014 0.101562 0.000000 -1
1 19.091885 -19.091883 0.000014 0.398438 0.500000 -1
1 17.324116 -17.324114 4.000013 0.101562 0.500000 -1
1 18.031223 -22.273863 0.000015 0.898438 0.000000 -1
1 -17.324116 -20.859648 0.000009 0.601562 1.000000 -1
1 -18.031221 -22.273863 0.000009 0.898438 1.000000 -1
1 -15.909903 -18.738327 4.000009 0.101562 0.000000 -1
1 17.324118 -20.859650 0.000015 0.398438 1.000000 -1
1 15.909903 -18.738327 4.000014 0.101562 1.000000 -1
1 17.324118 -20.859650 0.000015 0.601562 1.000000 -1
1 18.031223 -22.273863 0.000015 0.898438 1.000000 -1
1 18.738329 -15.909902 4.000013 0.101562 1.000000 -1
1 17.324116 20.859652 0.000002 0.601562 0.000000 -1
1 20.152544 20.152544 0.000003 0.898438 0.500000 -1
1 18.031223 22.273865 0.000002 0.898438 0.000000 -1
1 18.738329 15.909904 4.000004 0.101562 0.000000 -1
1 19.091883 19.091885 0.000003 0.398438 0.500000 -1
1 17.324116 17.324118 4.000003 0.101562 0.500000 -1
1 20.859650 17.324118 0.000004 0.601562 1.000000 -1
1 22.273865 18.031223 0.000004 0.898438 1.000000 -1
1 15.909903 18.738331 4.000003 0.101562 1.000000 -1
1 -17.324116 -20.859648 0.000009 0.601562 0.000000 -1
1 -20.152542 -20.152542 0.000008 0.898438 0.500000 -1
1 -18.031221 -22.273863 0.000009 0.898438 0.000000 -1
1 -18.738329 -15.909902 4.000007 0.101562 0.000000 -1
1 -19.091883 -19.091881 0.000008 0.398438 0.500000 -1
1 -17.324116 -17.324114 4.000008 0.101562 0.500000 -1
1 -20.859650 -17.324114 0.000007 0.601562 1.000000 -1
1 -22.273863 -18.031221 0.000007 0.898438 1.000000 -1
1 -15.909903 -18.738327 4.000009 0.101562 1.000000 -1
1 8.485281 -10.606600 4.500010 0.898438 1.000000 -1
1 -7.778175 -9.192387 4.500007 0.601562 0.000000 -1
1 -8.485281 -10.606601 4.500007 0.898438 0.000000 -1
1 6.010406 -7.424619 8.500010 0.101562 0.000000 -1
1 -7.778175 -9.192387 4.500007 0.398438 1.000000 -1
1 7.778174 -9.192387 4.500010 0.398438 0.000000 -1
1 9.545940 -9.545939 4.500010 0.898438 0.500000 -1
1 7.778174 -9.192387 4.500010 0.601562 0.000000 -1
1 8.485281 -10.606600 4.500010 0.898438 0.000000 -1
1 6.717513 -6.717512 8.500010 0.101562 0.500000 -1
1 9.192388 -7.778173 4.500010 0.398438 0.000000 -1
1 7.424620 -6.010405 8.500010 0.101562 0.000000 -1
1 9.192388 7.778176 4.500005 0.601562 1.000000 -1
1 10.606601 -8.485280 4.500010 0.898438 0.000000 -1
1 10.606602 8.485282 4.500005 0.898438 1.000000 -1
1 9.192388 -7.778173 4.500010 0.398438 1.000000 -1
1 7.424620 6.010410 8.500006 0.101562 0.000000 -1
1 7.424620 -6.010405 8.500010 0.101562 1.000000 -1
1 9.192388 -7.778173 4.500010 0.601562 1.000000 -1
1 8.485281 -8.485280 4.500010 0.601562 0.500000 -1
1 6.010406 -7.424619 8.500010 0.101562 1.000000 -1
1 8.485281 -8.485280 4.500010 0.398438 0.500000 -1
1 -8.485282 10.606604 4.500001 0.898438 1.000000 -1
1 7.778174 9.192389 4.500004 0.601562 0.000000 -1
1 8.485281 10.606603 4.500004 0.898438 0.000000 -1
1 6.010406 7.424623 8.500004 0.101562 1.000000 -1
1 -7.778175 9.192389 4.500002 0.398438 0.000000 -1
1 -6.010409 7.424623 8.500002 0.101562 0.000000 -1
1 -9.545942 9.545943 4.500001 0.898438 0.500000 -1
1 -7.778175 9.192389 4.500002 0.601562 0.000000 -1
1 -8.485282 10.606604 4.500001 0.898438 0.000000 -1
1 -6.717515 6.717516 8.500002 0.101562 0.500000 -1
1 -9.192389 7.778176 4.500002 0.398438 0.000000 -1
1 -7.424623 6.010410 8.500002 0.101562 0.000000 -1
1 -9.192388 -7.778173 4.500007 0.601562 1.000000 -1
1 -10.606603 8.485283 4.500001 0.898438 0.000000 -1
1 -10.606602 -8.485280 4.500006 0.898438 1.000000 -1
1 -7.424623 6.010410 8.500002 0.101562 1.000000 -1
1 -9.192388 -7.778173 4.500007 0.398438 0.000000 -1
1 -7.424623 -6.010405 8.500006 0.101562 0.000000 -1
1 -9.192389 7.778176 4.500002 0.601562 1.000000 -1
1 -8.485282 8.485283 4.500002 0.601562 0.500000 -1
1 -6.010409 7.424623 8.500002 0.101562 1.000000 -1
1 -8.485282 8.485283 4.500002 0.398438 0.500000 -1
1 9.545941 9.545942 4.500004 0.898438 0.500000 -1
1 9.192388 7.778176 4.500005 0.601562 0.000000 -1
1 10.606602 8.485282 4.500005 0.898438 0.000000 -1
1 6.010406 7.424623 8.500004 0.101562 0.000000 -1
1 8.485281 8.485282 4.500005 0.398438 0.500000 -1
1 7.778174 9.192389 4.500004 0.398438 0.000000 -1
1 7.778174 9.192389 4.500004 0.601562 1.000000 -1
1 8.485281 8.485282 4.500005 0.601562 0.500000 -1
1 6.717513 6.717517 8.500005 0.101562 0.500000 -1
1 9.192388 7.778176 4.500005 0.398438 1.000000 -1
1 -9.545941 -9.545940 4.500007 0.898438 0.500000 -1
1 -9.192388 -7.778173 4.500007 0.601562 0.000000 -1
1 -10.606602 -8.485280 4.500006 0.898438 0.000000 -1
1 -6.010409 -7.424619 8.500007 0.101562 0.000000 -1
1 -8.485281 -8.485280 4.500007 0.398438 0.500000 -1
1 -7.778175 -9.192387 4.500007 0.398438 0.000000 -1
1 -7.778175 -9.192387 4.500007 0.601562 1.000000 -1
1 -8.485281 -8.485280 4.500007 0.601562 0.500000 -1
1 -7.424623 -6.010405 8.500006 0.101562 1.000000 -1
1 -6.717516 -6.717512 8.500007 0.101562 0.500000 -1
1 -20.859648 17.324116 -0.000003 0.601562 1.000000 -1
1 -20.859648 17.324116 -0.000003 0.398438 0.000000 -1
1 -19.091881 19.091883 -0.000003 0.601562 0.500000 -1
1 -17.324114 20.859650 -0.000003 0.398438 0.000000 -1
1 -17.324114 20.859650 -0.000003 0.601562 0.000000 -1
1 17.324116 20.859652 0.000002 0.398438 0.000000 -1
1 -20.859648 17.324116 -0.000003 0.398438 1.000000 -1
1 20.859652 -17.324116 0.000014 0.601562 1.000000 -1
1 20.859652 -17.324116 0.000014 0.398438 0.000000 -1
1 19.091885 -19.091883 0.000014 0.601562 0.500000 -1
1 17.324118 -20.859650 0.000015 0.398438 0.000000 -1
1 17.324118 -20.859650 0.000015 0.601562 0.000000 -1
1 -17.324116 -20.859648 0.000009 0.398438 0.000000 -1
1 20.859652 -17.324116 0.000014 0.398438 1.000000 -1
1 19.091883 19.091885 0.000003 0.601562 0.500000 -1
1 20.859650 17.324118 0.000004 0.398438 0.000000 -1
1 17.324116 20.859652 0.000002 0.398438 1.000000 -1
1 -19.091883 -19.091881 0.000008 0.601562 0.500000 -1
1 -20.859650 -17.324114 0.000007 0.398438 0.000000 -1
1 -17.324116 -20.859648 0.000009 0.398438 1.000000 -1
1 7.778174 -9.192387 4.500010 0.601562 1.000000 -1
1 -6.010409 -7.424619 8.500007 0.101562 1.000000 -1
1 9.192388 -7.778173 4.500010 0.601562 0.000000 -1
1 9.192388 7.778176 4.500005 0.398438 0.000000 -1
1 10.606601 -8.485280 4.500010 0.898438 1.000000 -1
1 7.778174 -9.192387 4.500010 0.398438 1.000000 -1
1 -7.778175 9.192389 4.500002 0.601562 1.000000 -1
1 7.778174 9.192389 4.500004 0.398438 1.000000 -1
1 -9.192389 7.778176 4.500002 0.601562 0.000000 -1
1 -9.192389 7.778176 4.500002 0.398438 1.000000 -1
1 -10.606603 8.485283 4.500001 0.898438 1.000000 -1
1 -7.778175 9.192389 4.500002 0.398438 1.000000 -1
1 8.485281 10.606603 4.500004 0.898438 1.000000 -1
1 7.424620 6.010410 8.500006 0.101562 1.000000 -1
1 -8.485281 -10.606601 4.500007 0.898438 1.000000 -1
1 -9.192388 -7.778173 4.500007 0.398438 1.000000 -1
72
-0.395254 -0.100148 0.913096
0.000000 0.000000 1.000000
-0.000000 0.000000 1.000000
-0.499898 0.202115 0.842171
-0.487841 -0.280906 0.826501
-0.344369 0.139233 0.928452
-0.000000 0.000000 1.000000
-0.233921 0.406245 0.883315
-0.449439 0.449439 0.772017
-0.224719 0.224719 0.948157
-0.000000 0.000000 1.000000
0.114252 0.282585 0.952414
-0.000000 0.000000 1.000000
0.234237 0.579347 0.780699
-0.117790 0.464880 0.877503
0.395254 0.100149 0.913096
-0.000000 0.000000 1.000000
-0.000000 0.000000 1.000000
0.499898 -0.202114 0.842171
0.487841 0.280906 0.826501
0.344369 -0.139232 0.928453
-0.000000 0.000000 1.000000
0.233921 -0.406244 0.883316
0.449438 -0.449438 0.772017
0.224719 -0.224719 0.948158
-0.000000 -0.000000 1.000000
-0.114252 -0.282584 0.952414
-0.000000 0.000000 1.000000
-0.234237 -0.579347 0.780699
0.117790 -0.464880 0.877504
-0.000000 0.000000 1.000000
0.449438 0.449438 0.772017
0.224719 0.224719 0.948157
-0.000000 0.000000 1.000000
-0.449439 -0.449438 0.772017
-0.224719 -0.224719 0.948157
-0.000000 -0.000000 1.000000
-0.101707 -0.411991 0.905494
-0.000000 0.000000 1.000000
0.204732 -0.517026 0.831125
0.140822 -0.355631 0.923956
0.000000 0.000000 1.000000
0.292897 -0.292897 0.910177
0.517027 -0.204732 0.831125
0.355631 -0.140822 0.923957
0.353476 0.200532 0.913697
0.000000 0.000000 1.000000
-0.000000 0.000000 1.000000
0.582218 0.143731 0.800227
0.408835 -0.408836 0.815909
-0.000000 0.000000 1.000000
0.115400 0.291429 0.949606
-0.000000 0.000000 1.000000
0.204732 0.517027 0.831124
-0.119730 0.484999 0.866280
-0.283394 0.499537 0.818627
-0.000000 0.000000 1.000000
-0.292898 0.292898 0.910177
-0.415885 0.235938 0.878279
-0.485000 0.119730 0.866279
-0.411991 -0.101707 0.905494
-0.000001 0.000000 1.000000
-0.000001 0.000000 1.000000
-0.499537 -0.283394 0.818628
-0.408836 0.408836 0.815908
-0.000000 0.000001 1.000000
0.408835 0.408836 0.815908
0.292897 0.292898 0.910177
-0.000000 0.000000 1.000000
-0.283394 -0.499536 0.818628
-0.449438 -0.449438 0.772017
-0.224719 -0.224719 0.948157
96
0 0 1 2 0 1 2 1
0 3 4 5 3 0 4 1
0 6 7 8 5 6 1 1
0 9 10 11 7 8 9 1
0 12 13 14 10 11 12 1
0 15 16 17 13 14 7 1
0 7 18 19 6 14 10 1
0 10 20 11 8 3 9 1
0 21 22 23 15 16 17 1
0 24 25 26 18 15 19 1
0 27 28 29 20 21 16 1
0 30 31 32 22 23 24 1
0 33 34 35 25 26 27 1
0 36 37 38 28 29 22 1
0 28 39 40 21 29 25 1
0 31 41 32 23 18 24 1
0 42 43 44 11 30 12 1
0 45 46 47 19 31 32 1
0 43 48 49 30 15 17 1
0 46 50 47 31 13 32 1
0 51 52 53 26 33 27 1
0 54 55 56 4 34 35 1
0 52 57 58 33 0 2 1
0 55 59 56 34 28 35 1
0 60 61 62 36 37 38 1
0 63 64 65 39 37 40 1
0 66 67 68 41 40 36 1
0 69 70 71 42 43 44 1
0 72 73 74 45 46 47 1
0 75 76 77 43 48 44 1
0 66 78 79 41 43 49 1
0 80 81 69 39 49 42 1
0 82 83 84 50 51 52 1
0 85 86 87 53 54 55 1
0 88 89 90 56 54 50 1
0 91 92 93 57 58 59 1
0 94 95 96 60 61 62 1
0 97 98 99 59 60 63 1
0 88 100 101 56 58 64 1
0 102 103 91 55 64 57 1
0 104 105 106 65 45 47 1
0 107 108 109 53 66 51 1
0 104 110 111 65 51 66 1
0 112 113 108 67 45 66 1
0 114 115 116 68 60 62 1
0 117 118 119 69 70 37 1
0 114 120 121 68 37 70 1
0 122 118 123 63 70 71 1
0 0 124 1 0 5 1 1
0 3 125 4 3 5 0 1
0 6 126 7 5 8 6 1
0 9 127 10 7 14 8 1
0 12 128 13 10 14 11 1
0 15 129 16 13 11 14 1
0 7 126 18 6 8 14 1
0 10 130 20 8 5 3 1
0 21 131 22 15 20 16 1
0 24 132 25 18 20 15 1
0 27 133 28 20 23 21 1
0 30 134 31 22 29 23 1
0 33 135 34 25 29 26 1
0 36 136 37 28 26 29 1
0 28 133 39 21 23 29 1
0 31 137 41 23 20 18 1
0 42 138 43 11 31 30 1
0 45 139 46 19 15 31 1
0 43 138 48 30 31 15 1
0 46 140 50 31 11 13 1
0 51 141 52 26 34 33 1
0 54 142 55 4 0 34 1
0 52 141 57 33 34 0 1
0 55 143 59 34 26 28 1
0 60 144 61 36 40 37 1
0 63 145 64 39 69 37 1
0 66 79 67 41 49 40 1
0 69 81 70 42 49 43 1
0 72 146 73 45 43 46 1
0 75 147 76 43 45 48 1
0 66 148 78 41 46 43 1
0 80 149 81 39 40 49 1
0 82 150 83 50 54 51 1
0 85 151 86 53 51 54 1
0 88 101 89 56 64 54 1
0 91 103 92 57 64 58 1
0 94 152 95 60 58 61 1
0 97 153 98 59 58 60 1
0 88 154 100 56 61 58 1
0 102 155 103 55 54 64 1
0 104 111 105 65 66 45 1
0 107 112 108 53 67 66 1
0 104 156 110 65 52 51 1
0 112 157 113 67 48 45 1
0 114 121 115 68 70 60 1
0 117 123 118 69 71 70 1
0 114 158 120 68 38 37 1
0 122 159 118 63 60 70 1
"Frame.Black" 0 1
48
1 15.202796 17.324118 4.000003 0.953125 0.500000 -1
1 -15.909903 18.738331 3.999997 0.953125 0.500000 -1
1 -15.202796 17.324118 3.999998 0.953125 0.500000 -1
1 -17.324116 17.324118 3.999998 0.953125 0.500000 -1
1 -16.263456 16.263458 3.999998 0.953125 0.500000 -1
1 18.738329 -15.909902 4.000013 0.953125 0.500000 -1
1 17.324116 15.202797 4.000004 0.953125 0.500000 -1
1 17.324116 -15.202795 4.000013 0.953125 0.500000 -1
1 -17.324116 15.202797 3.999998 0.953125 0.500000 -1
1 -15.202796 -17.324114 4.000008 0.953125 0.500000 -1
1 15.909903 -18.738327 4.000014 0.953125 0.500000 -1
1 15.202796 -17.324114 4.000013 0.953125 0.500000 -1
1 17.324116 -17.324114 4.000013 0.953125 0.500000 -1
1 16.263456 -16.263454 4.000013 0.953125 0.500000 -1
1 17.324116 17.324118 4.000003 0.953125 0.500000 -1
1 16.263456 16.263458 4.000004 0.953125 0.500000 -1
1 -17.324116 -15.202795 4.000007 0.953125 0.500000 -1
1 -17.324116 -17.324114 4.000008 0.953125 0.500000 -1
1 -16.263456 -16.263454 4.000008 0.953125 0.500000 -1
1 -18.738329 15.909904 3.999998 0.953125 0.500000 -1
1 7.424620 -6.010405 8.500010 0.953125 0.500000 -1
1 6.010406 5.303303 8.500005 0.953125 0.500000 -1
1 6.010406 -5.303298 8.500008 0.953125 0.500000 -1
1 6.717513 -6.717512 8.500010 0.953125 0.500000 -1
1 -5.303301 6.010409 8.500004 0.953125 0.500000 -1
1 6.010406 7.424623 8.500004 0.953125 0.500000 -1
1 -6.010409 7.424623 8.500002 0.953125 0.500000 -1
1 5.303299 -6.010405 8.500008 0.953125 0.500000 -1
1 5.656853 -5.656852 8.500008 0.953125 0.500000 -1
1 -7.424623 6.010410 8.500002 0.953125 0.500000 -1
1 -6.010409 -5.303298 8.500007 0.953125 0.500000 -1
1 -6.010408 5.303302 8.500004 0.953125 0.500000 -1
1 -6.717515 6.717516 8.500002 0.953125 0.500000 -1
1 -5.656855 5.656856 8.500004 0.953125 0.500000 -1
1 5.303299 6.010410 8.500005 0.953125 0.500000 -1
1 6.717513 6.717517 8.500005 0.953125 0.500000 -1
1 5.656853 5.656857 8.500005 0.953125 0.500000 -1
1 -5.303302 -6.010405 8.500006 0.953125 0.500000 -1
1 -6.717516 -6.717512 8.500007 0.953125 0.500000 -1
1 -6.010409 -7.424619 8.500007 0.953125 0.500000 -1
1 -5.656856 -5.656852 8.500007 0.953125 0.500000 -1
1 6.010406 -7.424619 8.500010 0.953125 0.500000 -1
1 15.909903 18.738331 4.000003 0.953125 0.500000 -1
1 18.738329 15.909904 4.000004 0.953125 0.500000 -1
1 -15.909903 -18.738327 4.000009 0.953125 0.500000 -1
1 -18.738329 -15.909902 4.000007 0.953125 0.500000 -1
1 7.424620 6.010410 8.500006 0.953125 0.500000 -1
1 -7.424623 -6.010405 8.500006 0.953125 0.500000 -1
48
-0.000000 0.000000 1.000000
-0.233921 0.406245 0.883315
-0.000000 0.000001 1.000000
-0.224719 0.224719 0.948157
-0.000000 0.000000 1.000000
0.499898 -0.202114 0.842171
0.000000 0.000000 1.000000
0.000000 0.000000 1.000000
-0.000000 0.000000 1.000000
-0.000000 0.000000 1.000000
0.233921 -0.406244 0.883316
-0.000000 0.000000 1.000000
0.224719 -0.224719 0.948158
-0.000000 0.000000 1.000000
0.224719 0.224719 0.948157
-0.000000 0.000000 1.000000
-0.000000 0.000000 1.000000
-0.224719 -0.224719 0.948157
-0.000000 0.000000 1.000000
-0.499898 0.202115 0.842171
0.355631 -0.140822 0.923957
-0.000000 0.000000 1.000000
-0.000001 0.000001 1.000000
0.292897 -0.292897 0.910177
-0.000000 0.000001 1.000000
0.204732 0.517027 0.831124
-0.283394 0.499537 0.818627
-0.000000 0.000000 1.000000
-0.000000 0.000000 1.000000
-0.485000 0.119730 0.866279
-0.000000 0.000000 1.000000
-0.000001 0.000001 1.000000
-0.292898 0.292898 0.910177
-0.000000 0.000000 1.000000
-0.000000 0.000000 1.000000
0.292897 0.292898 0.910177
-0.000000 0.000000 1.000000
0.000000 -0.000000 1.000000
-0.224719 -0.224719 0.948157
-0.283394 -0.499536 0.818628
0.000000 -0.000001 1.000000
0.204732 -0.517026 0.831125
0.234237 0.579347 0.780699
0.487841 0.280906 0.826501
-0.234237 -0.579347 0.780699
-0.487841 -0.280906 0.826501
0.582218 0.143731 0.800227
-0.499537 -0.283394 0.818628
48
0 0 1 2 0 1 2 1
0 2 3 4 2 3 4 1
0 5 6 7 5 6 7 1
0 3 8 4 3 8 4 1
0 9 10 11 9 10 11 1
0 11 12 13 11 12 13 1
0 12 7 13 12 7 13 1
0 6 14 15 6 14 15 1
0 14 0 15 14 0 15 1
0 16 17 18 16 17 18 1
0 17 9 18 17 9 18 1
0 19 16 8 19 16 8 1
0 20 21 22 20 21 22 1
0 22 23 20 22 23 20 1
0 24 25 26 24 25 26 1
0 27 23 28 27 23 28 1
0 29 30 31 29 30 31 1
0 31 32 29 31 32 29 1
0 24 32 33 24 32 33 1
0 34 35 25 34 35 25 1
0 21 35 36 21 35 36 1
0 37 38 39 37 38 39 1
0 30 38 40 30 38 40 1
0 37 41 27 37 41 27 1
0 0 42 1 0 42 1 1
0 2 1 3 2 1 3 1
0 5 43 6 5 43 6 1
0 3 19 8 3 19 8 1
0 9 44 10 9 44 10 1
0 11 10 12 11 10 12 1
0 12 5 7 12 5 7 1
0 6 43 14 6 43 14 1
0 14 42 0 14 42 0 1
0 16 45 17 16 45 17 1
0 17 44 9 17 44 9 1
0 19 45 16 19 45 16 1
0 20 46 21 20 46 21 1
0 22 28 23 22 28 23 1
0 24 34 25 24 34 25 1
0 27 41 23 27 41 23 1
0 29 47 30 29 47 30 1
0 31 33 32 31 33 32 1
0 24 26 32 24 26 32 1
0 34 36 35 34 36 35 1
0 21 46 35 21 46 35 1
0 37 40 38 37 40 38 1
0 30 47 38 30 47 38 1
0 37 39 41 37 39 41 1

Materials: 3
"Fill"
1.000000 1.000000 1.000000 1.000000
0.800000 0.800000 0.800000 1.000000
0.500000 0.500000 0.500000 1.000000
0.000000 0.000000 0.000000 1.000000
0.128000
1.000000
"textures/Fill.ini"
""
"Frame.Black"
1.000000 1.000000 1.000000 1.000000
0.800000 0.800000 0.800000 1.000000
0.500000 0.500000 0.500000 1.000000
0.000000 0.000000 0.000000 1.000000
0.128000
1.000000
"textures/FrameBlack.png"
""
"Frame.Chrome"
1.000000 1.000000 1.000000 1.000000
0.800000 0.800000 0.800000 1.000000
0.500000 0.500000 0.500000 1.000000
0.000000 0.000000 0.000000 1.000000
0.128000
1.000000
"textures/FrameChrome.ini"
""

Bones: 0
GroupComments: 0
MaterialComments: 0
BoneComments: 0
ModelComment: 0
