// MilkShape 3D ASCII

Frames: 30
Frame: 1

Meshes: 4
"default" 0 0
14
0 -15.000000 -0.000002 4.000000 0.039062 -0.062500 -1
0 0.000004 -25.000000 4.000000 0.015625 -0.187500 -1
0 0.000002 -15.000000 4.000000 0.015625 -0.062500 -1
0 15.000000 0.000002 4.000000 0.039062 -0.062500 -1
0 0.000000 0.000000 4.000000 0.039062 -0.062500 -1
0 13.000000 0.000002 4.000000 0.046875 -0.187500 -1
0 -0.000002 13.000000 4.000000 0.015625 -0.187500 -1
0 0.000000 0.000000 4.000000 0.015625 -0.062500 -1
0 -13.000000 -0.000002 4.000000 0.046875 -0.187500 -1
0 0.000002 -13.000000 4.000000 0.015625 -0.187500 -1
0 -0.000004 25.000000 4.000000 0.015625 -0.187500 -1
0 -0.000002 15.000000 4.000000 0.015625 -0.062500 -1
0 -25.000000 -0.000004 4.000000 0.046875 -0.187500 -1
0 25.000000 0.000004 4.000000 0.046875 -0.187500 -1
5
-0.000000 -0.000000 1.000000
0.387900 0.006900 0.921700
-0.009100 0.293700 0.955800
0.167000 -0.192700 0.966900
-0.000000 -0.345300 0.938500
12
0 0 1 2 0 0 0 1
0 1 3 2 0 0 0 1
0 4 5 6 0 1 2 1
0 7 6 8 0 2 3 1
0 7 9 5 0 4 1 1
0 4 8 9 0 3 4 1
0 10 0 11 0 0 0 1
0 3 10 11 0 0 0 1
0 0 12 1 0 0 0 1
0 1 13 3 0 0 0 1
0 10 12 0 0 0 0 1
0 3 13 10 0 0 0 1
"Frame.Chrome" 0 2
16
0 -29.500000 -0.000004 0.000000 0.601562 0.000000 -1
0 -0.000005 32.000000 0.000000 0.898438 1.000000 -1
0 -32.000000 -0.000005 0.000000 0.898438 0.000000 -1
0 32.000000 0.000005 0.000000 0.898438 1.000000 -1
0 -0.000004 29.500000 0.000000 0.601562 0.000000 -1
0 29.500000 0.000004 0.000000 0.601562 1.000000 -1
0 -32.000000 -0.000005 0.000000 0.898438 1.000000 -1
0 0.000004 -29.500000 0.000000 0.601562 0.000000 -1
0 -29.500000 -0.000004 0.000000 0.601562 1.000000 -1
0 29.500000 0.000004 0.000000 0.601562 0.000000 -1
0 0.000005 -32.000000 0.000000 0.898438 1.000000 -1
0 32.000000 0.000005 0.000000 0.898438 0.000000 -1
0 -0.000004 29.500000 0.000000 0.601562 1.000000 -1
0 -0.000005 32.000000 0.000000 0.898438 0.000000 -1
0 0.000005 -32.000000 0.000000 0.898438 0.000000 -1
0 0.000004 -29.500000 0.000000 0.601562 1.000000 -1
5
-0.079400 0.200500 0.976500
-0.000000 -0.000000 1.000000
-0.000000 0.261200 0.965300
0.510800 -0.000000 0.859700
-0.000000 -0.261200 0.965300
8
0 0 1 2 0 1 1 1
0 3 4 5 1 2 3 1
0 6 7 8 1 4 0 1
0 9 10 11 3 1 1 1
0 0 12 1 0 2 1 1
0 3 13 4 1 1 2 1
0 6 14 7 1 1 4 1
0 9 15 10 3 4 1 1
"Frame.Black" 0 1
16
0 0.000002 -15.000000 4.000000 0.953125 0.500000 -1
0 13.000000 0.000002 4.000000 0.953125 0.500000 -1
0 0.000002 -13.000000 4.000000 0.953125 0.500000 -1
0 -13.000000 -0.000002 4.000000 0.953125 0.500000 -1
0 -0.000004 27.000000 4.000000 0.953125 0.500000 -1
0 -25.000000 -0.000004 4.000000 0.953125 0.500000 -1
0 -0.000004 25.000000 4.000000 0.953125 0.500000 -1
0 25.000000 0.000004 4.000000 0.953125 0.500000 -1
0 0.000004 -27.000000 4.000000 0.953125 0.500000 -1
0 0.000004 -25.000000 4.000000 0.953125 0.500000 -1
0 -0.000002 15.000000 4.000000 0.953125 0.500000 -1
0 -0.000002 13.000000 4.000000 0.953125 0.500000 -1
0 15.000000 0.000002 4.000000 0.953125 0.500000 -1
0 -15.000000 -0.000002 4.000000 0.953125 0.500000 -1
0 -27.000000 -0.000004 4.000000 0.953125 0.500000 -1
0 27.000000 0.000004 4.000000 0.953125 0.500000 -1
9
-0.000000 -0.000000 1.000000
0.387900 0.006900 0.921700
-0.000000 -0.345300 0.938500
0.167000 -0.192700 0.966900
-0.000000 0.625900 0.779900
-0.000000 -0.625900 0.779900
-0.009100 0.293700 0.955800
-0.282800 -0.477200 0.832000
0.246500 -0.444600 0.861200
16
0 0 1 2 0 1 2 1
0 3 0 2 3 0 2 1
0 4 5 6 4 0 0 1
0 7 4 6 0 4 0 1
0 5 8 9 0 5 0 1
0 8 7 9 5 0 0 1
0 1 10 11 1 0 6 1
0 10 3 11 0 3 6 1
0 0 12 1 0 0 1 1
0 3 13 0 3 0 0 1
0 4 14 5 4 7 0 1
0 7 15 4 0 8 4 1
0 5 14 8 0 7 5 1
0 8 15 7 5 8 0 1
0 1 12 10 1 0 0 1
0 10 13 3 0 0 3 1
"Frame.Vibrant" 0 3
16
0 0.000004 -29.500000 0.000000 0.046875 0.000000 -1
0 27.000000 0.000004 4.000000 0.015625 1.000000 -1
0 0.000004 -27.000000 4.000000 0.015625 0.000000 -1
0 -27.000000 -0.000004 4.000000 0.015625 0.000000 -1
0 0.000004 -29.500000 0.000000 0.046875 1.000000 -1
0 0.000004 -27.000000 4.000000 0.015625 1.000000 -1
0 27.000000 0.000004 4.000000 0.015625 0.000000 -1
0 -0.000004 29.500000 0.000000 0.046875 1.000000 -1
0 -0.000004 27.000000 4.000000 0.015625 1.000000 -1
0 -0.000004 29.500000 0.000000 0.046875 0.000000 -1
0 -27.000000 -0.000004 4.000000 0.015625 1.000000 -1
0 -0.000004 27.000000 4.000000 0.015625 0.000000 -1
0 29.500000 0.000004 0.000000 0.046875 1.000000 -1
0 -29.500000 -0.000004 0.000000 0.046875 0.000000 -1
0 29.500000 0.000004 0.000000 0.046875 0.000000 -1
0 -29.500000 -0.000004 0.000000 0.046875 1.000000 -1
8
-0.000000 -0.261200 0.965300
0.246500 -0.444600 0.861200
-0.000000 -0.625900 0.779900
-0.282800 -0.477200 0.832000
-0.000000 0.261200 0.965300
-0.000000 0.625900 0.779900
0.510800 -0.000000 0.859700
-0.079400 0.200500 0.976500
8
0 0 1 2 0 1 2 1
0 3 4 5 3 0 2 1
0 6 7 8 1 4 5 1
0 9 10 11 4 3 5 1
0 0 12 1 0 6 1 1
0 3 13 4 3 7 0 1
0 6 14 7 1 6 4 1
0 9 15 10 4 7 3 1

Materials: 4
"Fill"
1.000000 1.000000 1.000000 1.000000
0.800000 0.800000 0.800000 1.000000
0.500000 0.500000 0.500000 1.000000
0.000000 0.000000 0.000000 1.000000
0.128000
1.000000
"textures/Fill.ini"
""
"Frame.Black"
1.000000 1.000000 1.000000 1.000000
0.800000 0.800000 0.800000 1.000000
0.500000 0.500000 0.500000 1.000000
0.000000 0.000000 0.000000 1.000000
0.128000
1.000000
"textures/FrameBlack.png"
""
"Frame.Chrome"
1.000000 1.000000 1.000000 1.000000
0.800000 0.800000 0.800000 1.000000
0.500000 0.500000 0.500000 1.000000
0.000000 0.000000 0.000000 1.000000
0.128000
1.000000
"textures/FrameChrome.ini"
""
"Frame.Vibrant"
1.000000 1.000000 1.000000 1.000000
0.800000 0.800000 0.800000 1.000000
0.500000 0.500000 0.500000 1.000000
0.000000 0.000000 0.000000 1.000000
0.128000
1.000000
"textures/FrameVibrant.ini"
""

Bones: 0
GroupComments: 0
MaterialComments: 0
BoneComments: 0
ModelComment: 0
