// MilkShape 3D ASCII

Frames: 30
Frame: 1

Meshes: 4
"default" 0 0
14
0 -15.000000 -0.000002 4.000000 0.039062 -0.062500 -1
0 0.000004 -25.000000 4.000000 0.015625 -0.187500 -1
0 0.000002 -15.000000 4.000000 0.015625 -0.062500 -1
0 15.000000 0.000002 4.000000 0.039062 -0.062500 -1
0 0.000000 0.000000 8.000000 0.039062 -0.062500 -1
0 8.000000 0.000001 8.000000 0.046875 -0.187500 -1
0 -0.000001 8.000000 8.000000 0.015625 -0.187500 -1
0 0.000000 0.000000 8.000000 0.015625 -0.062500 -1
0 -8.000000 -0.000001 8.000000 0.046875 -0.187500 -1
0 0.000001 -8.000000 8.000000 0.015625 -0.187500 -1
0 -0.000004 25.000000 4.000000 0.015625 -0.187500 -1
0 -0.000002 15.000000 4.000000 0.015625 -0.062500 -1
0 -25.000000 -0.000004 4.000000 0.046875 -0.187500 -1
0 25.000000 0.000004 4.000000 0.046875 -0.187500 -1
1
-0.000000 -0.000000 1.000000
12
0 0 1 2 0 0 0 1
0 1 3 2 0 0 0 1
0 4 5 6 0 0 0 1
0 7 6 8 0 0 0 1
0 7 9 5 0 0 0 1
0 4 8 9 0 0 0 1
0 10 0 11 0 0 0 1
0 3 10 11 0 0 0 1
0 0 12 1 0 0 0 1
0 1 13 3 0 0 0 1
0 10 12 0 0 0 0 1
0 3 13 10 0 0 0 1
"Frame.Chrome" 0 2
30
0 -29.500000 -0.000004 0.000000 0.601562 0.000000 -1
0 -0.000005 32.000000 0.000000 0.898438 1.000000 -1
0 -32.000000 -0.000005 0.000000 0.898438 0.000000 -1
0 0.000002 -10.500000 8.000000 0.601562 1.000000 -1
0 -8.000000 -0.000001 8.000000 0.898438 0.600000 -1
0 -10.500000 -0.000002 8.000000 0.601562 0.500000 -1
0 32.000000 0.000005 0.000000 0.898438 1.000000 -1
0 -0.000004 29.500000 0.000000 0.601562 0.000000 -1
0 29.500000 0.000004 0.000000 0.601562 1.000000 -1
0 0.000001 -8.000000 8.000000 0.898438 0.000000 -1
0 10.500000 0.000002 8.000000 0.601562 0.500000 -1
0 8.000000 0.000001 8.000000 0.898438 0.400000 -1
0 -0.000001 8.000000 8.000000 0.898438 0.000000 -1
0 -8.000000 -0.000001 8.000000 0.898438 0.400000 -1
0 -32.000000 -0.000005 0.000000 0.898438 1.000000 -1
0 0.000004 -29.500000 0.000000 0.601562 0.000000 -1
0 -29.500000 -0.000004 0.000000 0.601562 1.000000 -1
0 29.500000 0.000004 0.000000 0.601562 0.000000 -1
0 0.000005 -32.000000 0.000000 0.898438 1.000000 -1
0 32.000000 0.000005 0.000000 0.898438 0.000000 -1
0 -0.000002 10.500000 8.000000 0.601562 1.000000 -1
0 8.000000 0.000001 8.000000 0.898438 0.600000 -1
0 -0.000004 29.500000 0.000000 0.601562 1.000000 -1
0 0.000001 -8.000000 8.000000 0.898438 1.000000 -1
0 -0.000005 32.000000 0.000000 0.898438 0.000000 -1
0 0.000002 -10.500000 8.000000 0.601562 0.000000 -1
0 -0.000002 10.500000 8.000000 0.601562 0.000000 -1
0 0.000005 -32.000000 0.000000 0.898438 0.000000 -1
0 0.000004 -29.500000 0.000000 0.601562 1.000000 -1
0 -0.000001 8.000000 8.000000 0.898438 1.000000 -1
9
-0.079400 0.200500 0.976500
-0.000000 -0.000000 1.000000
-0.000000 -0.625900 0.779900
-0.263700 -0.000000 0.964600
-0.000000 0.261200 0.965300
0.510800 -0.000000 0.859700
0.884600 -0.000000 0.466400
-0.000000 -0.261200 0.965300
-0.000000 0.625900 0.779900
16
0 0 1 2 0 1 1 1
0 3 4 5 2 1 3 1
0 6 7 8 1 4 5 1
0 9 10 11 1 6 1 1
0 12 5 13 1 3 1 1
0 14 15 16 1 7 0 1
0 17 18 19 5 1 1 1
0 20 21 10 8 1 6 1
0 0 22 1 0 4 1 1
0 3 23 4 2 1 1 1
0 6 24 7 1 1 4 1
0 9 25 10 1 2 6 1
0 12 26 5 1 8 3 1
0 14 27 15 1 1 7 1
0 17 28 18 5 7 1 1
0 20 29 21 8 1 1 1
"Frame.Black" 0 1
16
0 0.000002 -15.000000 4.000000 0.953125 0.500000 -1
0 13.000000 0.000002 4.000000 0.953125 0.500000 -1
0 0.000002 -13.000000 4.000000 0.953125 0.500000 -1
0 -13.000000 -0.000002 4.000000 0.953125 0.500000 -1
0 -0.000004 27.000000 4.000000 0.953125 0.500000 -1
0 -25.000000 -0.000004 4.000000 0.953125 0.500000 -1
0 -0.000004 25.000000 4.000000 0.953125 0.500000 -1
0 25.000000 0.000004 4.000000 0.953125 0.500000 -1
0 0.000004 -27.000000 4.000000 0.953125 0.500000 -1
0 0.000004 -25.000000 4.000000 0.953125 0.500000 -1
0 -0.000002 15.000000 4.000000 0.953125 0.500000 -1
0 -0.000002 13.000000 4.000000 0.953125 0.500000 -1
0 15.000000 0.000002 4.000000 0.953125 0.500000 -1
0 -15.000000 -0.000002 4.000000 0.953125 0.500000 -1
0 -27.000000 -0.000004 4.000000 0.953125 0.500000 -1
0 27.000000 0.000004 4.000000 0.953125 0.500000 -1
9
-0.000000 -0.000000 1.000000
0.144400 -0.121400 0.982000
-0.000000 -0.261200 0.965300
-0.153000 -0.129400 0.979700
-0.000000 0.625900 0.779900
-0.000000 -0.625900 0.779900
-0.000000 0.261200 0.965300
-0.282800 -0.477200 0.832000
0.246500 -0.444600 0.861200
16
0 0 1 2 0 1 2 1
0 3 0 2 3 0 2 1
0 4 5 6 4 0 0 1
0 7 4 6 0 4 0 1
0 5 8 9 0 5 0 1
0 8 7 9 5 0 0 1
0 1 10 11 1 0 6 1
0 10 3 11 0 3 6 1
0 0 12 1 0 0 1 1
0 3 13 0 3 0 0 1
0 4 14 5 4 7 0 1
0 7 15 4 0 8 4 1
0 5 14 8 0 7 5 1
0 8 15 7 5 8 0 1
0 1 12 10 1 0 0 1
0 10 13 3 0 0 3 1
"Frame.Vibrant" 0 3
30
0 0.000004 -29.500000 0.000000 0.046875 0.000000 -1
0 27.000000 0.000004 4.000000 0.015625 1.000000 -1
0 0.000004 -27.000000 4.000000 0.015625 0.000000 -1
0 0.000002 -13.000000 4.000000 0.015625 0.000000 -1
0 -10.500000 -0.000002 8.000000 0.046875 0.500000 -1
0 -13.000000 -0.000002 4.000000 0.015625 0.656250 -1
0 13.000000 0.000002 4.000000 0.015625 0.343750 -1
0 0.000002 -10.500000 8.000000 0.046875 1.000000 -1
0 0.000002 -13.000000 4.000000 0.015625 1.000000 -1
0 -27.000000 -0.000004 4.000000 0.015625 0.000000 -1
0 0.000004 -29.500000 0.000000 0.046875 1.000000 -1
0 0.000004 -27.000000 4.000000 0.015625 1.000000 -1
0 27.000000 0.000004 4.000000 0.015625 0.000000 -1
0 -0.000004 29.500000 0.000000 0.046875 1.000000 -1
0 -0.000004 27.000000 4.000000 0.015625 1.000000 -1
0 -13.000000 -0.000002 4.000000 0.015625 0.343750 -1
0 -0.000002 10.500000 8.000000 0.046875 1.000000 -1
0 -0.000002 13.000000 4.000000 0.015625 1.000000 -1
0 -0.000002 13.000000 4.000000 0.015625 0.000000 -1
0 10.500000 0.000002 8.000000 0.046875 0.500000 -1
0 13.000000 0.000002 4.000000 0.015625 0.656250 -1
0 -0.000004 29.500000 0.000000 0.046875 0.000000 -1
0 -27.000000 -0.000004 4.000000 0.015625 1.000000 -1
0 -0.000004 27.000000 4.000000 0.015625 0.000000 -1
0 29.500000 0.000004 0.000000 0.046875 1.000000 -1
0 0.000002 -10.500000 8.000000 0.046875 0.000000 -1
0 -29.500000 -0.000004 0.000000 0.046875 0.000000 -1
0 29.500000 0.000004 0.000000 0.046875 0.000000 -1
0 -0.000002 10.500000 8.000000 0.046875 0.000000 -1
0 -29.500000 -0.000004 0.000000 0.046875 1.000000 -1
12
-0.000000 -0.261200 0.965300
0.246500 -0.444600 0.861200
-0.000000 -0.625900 0.779900
-0.263700 -0.000000 0.964600
-0.153000 -0.129400 0.979700
0.144400 -0.121400 0.982000
-0.282800 -0.477200 0.832000
-0.000000 0.261200 0.965300
-0.000000 0.625900 0.779900
0.884600 -0.000000 0.466400
0.510800 -0.000000 0.859700
-0.079400 0.200500 0.976500
16
0 0 1 2 0 1 2 1
0 3 4 5 0 3 4 1
0 6 7 8 5 2 0 1
0 9 10 11 6 0 2 1
0 12 13 14 1 7 8 1
0 15 16 17 4 8 7 1
0 18 19 20 7 9 5 1
0 21 22 23 7 6 8 1
0 0 24 1 0 10 1 1
0 3 25 4 0 2 3 1
0 6 19 7 5 9 2 1
0 9 26 10 6 11 0 1
0 12 27 13 1 10 7 1
0 15 4 16 4 3 8 1
0 18 28 19 7 8 9 1
0 21 29 22 7 11 6 1

Materials: 4
"Fill"
1.000000 1.000000 1.000000 1.000000
0.800000 0.800000 0.800000 1.000000
0.500000 0.500000 0.500000 1.000000
0.000000 0.000000 0.000000 1.000000
0.128000
1.000000
"textures/FrameBlack.png"
""
"Frame.Black"
1.000000 1.000000 1.000000 1.000000
0.800000 0.800000 0.800000 1.000000
0.500000 0.500000 0.500000 1.000000
0.000000 0.000000 0.000000 1.000000
0.128000
1.000000
"textures/FrameBlack.png"
""
"Frame.Chrome"
1.000000 1.000000 1.000000 1.000000
0.800000 0.800000 0.800000 1.000000
0.500000 0.500000 0.500000 1.000000
0.000000 0.000000 0.000000 1.000000
0.128000
1.000000
"textures/FrameLift.ini"
""
"Frame.Vibrant"
1.000000 1.000000 1.000000 1.000000
0.800000 0.800000 0.800000 1.000000
0.500000 0.500000 0.500000 1.000000
0.000000 0.000000 0.000000 1.000000
0.128000
1.000000
"textures/FrameVibrant.ini"
""

Bones: 0
GroupComments: 0
MaterialComments: 0
BoneComments: 0
ModelComment: 0
