// MilkShape 3D ASCII

Frames: 30
Frame: 1

Meshes: 3
"default" 0 0
14
0 -15.000000 -0.000002 4.000000 0.039062 -0.062500 -1
0 0.000004 -25.000000 4.000000 0.015625 -0.187500 -1
0 0.000002 -15.000000 4.000000 0.015625 -0.062500 -1
0 15.000000 0.000002 4.000000 0.039062 -0.062500 -1
0 0.000000 0.000000 8.000000 0.039062 -0.062500 -1
0 8.000000 0.000001 8.000000 0.046875 -0.187500 -1
0 -0.000001 8.000000 8.000000 0.015625 -0.187500 -1
0 0.000000 0.000000 8.000000 0.015625 -0.062500 -1
0 -8.000000 -0.000001 8.000000 0.046875 -0.187500 -1
0 0.000001 -8.000000 8.000000 0.015625 -0.187500 -1
0 -0.000004 25.000000 4.000000 0.015625 -0.187500 -1
0 -0.000002 15.000000 4.000000 0.015625 -0.062500 -1
0 -25.000000 -0.000004 4.000000 0.046875 -0.187500 -1
0 25.000000 0.000004 4.000000 0.046875 -0.187500 -1
1
-0.000000 -0.000000 1.000000
12
0 0 1 2 0 0 0 1
0 1 3 2 0 0 0 1
0 4 5 6 0 0 0 1
0 7 6 8 0 0 0 1
0 7 9 5 0 0 0 1
0 4 8 9 0 0 0 1
0 10 0 11 0 0 0 1
0 3 10 11 0 0 0 1
0 0 12 1 0 0 0 1
0 1 13 3 0 0 0 1
0 10 12 0 0 0 0 1
0 3 13 10 0 0 0 1
"Frame.Chrome" 0 2
60
0 0.000005 -30.000000 0.000000 0.398438 0.000000 -1
0 27.000000 0.000004 4.000000 0.101562 1.000000 -1
0 0.000004 -27.000000 4.000000 0.101562 0.000000 -1
0 0.000002 -10.000000 8.000000 0.398438 0.000000 -1
0 -13.000000 -0.000002 4.000000 0.101562 0.650000 -1
0 0.000002 -13.000000 4.000000 0.101562 0.000000 -1
0 -30.000000 -0.000005 0.000000 0.601562 0.000000 -1
0 -0.000005 32.000000 0.000000 0.898438 1.000000 -1
0 -32.000000 -0.000005 0.000000 0.898438 0.000000 -1
0 0.000002 -10.000000 8.000000 0.601562 1.000000 -1
0 -8.000000 -0.000001 8.000000 0.898438 0.600000 -1
0 -10.000000 -0.000002 8.000000 0.601562 0.500000 -1
0 32.000000 0.000005 0.000000 0.898438 1.000000 -1
0 -0.000005 30.000000 0.000000 0.601562 0.000000 -1
0 30.000000 0.000005 0.000000 0.601562 1.000000 -1
0 13.000000 0.000002 4.000000 0.101562 0.350000 -1
0 0.000002 -10.000000 8.000000 0.398438 1.000000 -1
0 0.000002 -13.000000 4.000000 0.101562 1.000000 -1
0 0.000004 -27.000000 4.000000 0.101562 1.000000 -1
0 -30.000000 -0.000005 0.000000 0.398438 0.000000 -1
0 0.000005 -30.000000 0.000000 0.398438 1.000000 -1
0 0.000001 -8.000000 8.000000 0.898438 0.000000 -1
0 10.000000 0.000002 8.000000 0.601562 0.500000 -1
0 8.000000 0.000001 8.000000 0.898438 0.400000 -1
0 -0.000001 8.000000 8.000000 0.898438 0.000000 -1
0 -8.000000 -0.000001 8.000000 0.898438 0.400000 -1
0 -32.000000 -0.000005 0.000000 0.898438 1.000000 -1
0 0.000005 -30.000000 0.000000 0.601562 0.000000 -1
0 -30.000000 -0.000005 0.000000 0.601562 1.000000 -1
0 -0.000004 27.000000 4.000000 0.101562 1.000000 -1
0 30.000000 0.000005 0.000000 0.398438 0.000000 -1
0 -0.000005 30.000000 0.000000 0.398438 1.000000 -1
0 30.000000 0.000005 0.000000 0.601562 0.000000 -1
0 0.000005 -32.000000 0.000000 0.898438 1.000000 -1
0 32.000000 0.000005 0.000000 0.898438 0.000000 -1
0 -13.000000 -0.000002 4.000000 0.101562 0.350000 -1
0 -0.000002 10.000000 8.000000 0.398438 1.000000 -1
0 -0.000002 13.000000 4.000000 0.101562 1.000000 -1
0 -0.000002 10.000000 8.000000 0.601562 1.000000 -1
0 8.000000 0.000001 8.000000 0.898438 0.600000 -1
0 -0.000002 10.000000 8.000000 0.398438 0.000000 -1
0 13.000000 0.000002 4.000000 0.101562 0.650000 -1
0 -0.000002 13.000000 4.000000 0.101562 0.000000 -1
0 -0.000005 30.000000 0.000000 0.398438 0.000000 -1
0 -27.000000 -0.000004 4.000000 0.101562 1.000000 -1
0 -0.000004 27.000000 4.000000 0.101562 0.000000 -1
0 30.000000 0.000005 0.000000 0.398438 1.000000 -1
0 -10.000000 -0.000002 8.000000 0.398438 0.500000 -1
0 -0.000005 30.000000 0.000000 0.601562 1.000000 -1
0 0.000001 -8.000000 8.000000 0.898438 1.000000 -1
0 -0.000005 32.000000 0.000000 0.898438 0.000000 -1
0 10.000000 0.000002 8.000000 0.398438 0.500000 -1
0 -27.000000 -0.000004 4.000000 0.101562 0.000000 -1
0 0.000002 -10.000000 8.000000 0.601562 0.000000 -1
0 -0.000002 10.000000 8.000000 0.601562 0.000000 -1
0 0.000005 -32.000000 0.000000 0.898438 0.000000 -1
0 27.000000 0.000004 4.000000 0.101562 0.000000 -1
0 0.000005 -30.000000 0.000000 0.601562 1.000000 -1
0 -0.000001 8.000000 8.000000 0.898438 1.000000 -1
0 -30.000000 -0.000005 0.000000 0.398438 1.000000 -1
13
-0.000000 -0.238100 0.971300
0.207500 -0.430800 0.878300
-0.000000 -0.587900 0.808900
-0.129100 -0.129100 0.983200
-0.049300 0.203100 0.977900
-0.000000 -0.000000 1.000000
-0.739300 0.301600 0.602100
-0.000000 0.238100 0.971300
0.495600 -0.000000 0.868500
0.120500 -0.121000 0.985300
0.855700 -0.000000 0.517500
-0.000000 0.587900 0.808900
-0.207500 0.430800 0.878300
32
0 0 1 2 0 1 2 1
0 3 4 5 2 3 0 1
0 6 7 8 4 5 5 1
0 9 10 11 2 5 6 1
0 12 13 14 5 7 8 1
0 15 16 17 9 2 0 1
0 18 19 20 2 4 0 1
0 21 22 23 5 10 5 1
0 24 11 25 5 6 5 1
0 26 27 28 5 0 4 1
0 29 30 31 11 8 7 1
0 32 33 34 8 5 5 1
0 35 36 37 3 11 7 1
0 38 39 22 11 5 10 1
0 40 41 42 11 9 7 1
0 43 44 45 7 12 11 1
0 0 46 1 0 8 1 1
0 3 47 4 2 6 3 1
0 6 48 7 4 7 5 1
0 9 49 10 2 5 5 1
0 12 50 13 5 5 7 1
0 15 51 16 9 10 2 1
0 18 52 19 2 12 4 1
0 21 53 22 5 2 10 1
0 24 54 11 5 11 6 1
0 26 55 27 5 5 0 1
0 29 56 30 11 1 8 1
0 32 57 33 8 0 5 1
0 35 47 36 3 6 11 1
0 38 58 39 11 5 5 1
0 40 51 41 11 10 9 1
0 43 59 44 7 4 12 1
"Frame.Black" 0 1
16
0 0.000002 -15.000000 4.000000 0.953125 0.500000 -1
0 13.000000 0.000002 4.000000 0.953125 0.500000 -1
0 0.000002 -13.000000 4.000000 0.953125 0.500000 -1
0 -13.000000 -0.000002 4.000000 0.953125 0.500000 -1
0 -0.000004 27.000000 4.000000 0.953125 0.500000 -1
0 -25.000000 -0.000004 4.000000 0.953125 0.500000 -1
0 -0.000004 25.000000 4.000000 0.953125 0.500000 -1
0 25.000000 0.000004 4.000000 0.953125 0.500000 -1
0 0.000004 -27.000000 4.000000 0.953125 0.500000 -1
0 0.000004 -25.000000 4.000000 0.953125 0.500000 -1
0 -0.000002 15.000000 4.000000 0.953125 0.500000 -1
0 -0.000002 13.000000 4.000000 0.953125 0.500000 -1
0 15.000000 0.000002 4.000000 0.953125 0.500000 -1
0 -15.000000 -0.000002 4.000000 0.953125 0.500000 -1
0 -27.000000 -0.000004 4.000000 0.953125 0.500000 -1
0 27.000000 0.000004 4.000000 0.953125 0.500000 -1
9
-0.000000 -0.000000 1.000000
0.120500 -0.121000 0.985300
-0.000000 -0.238100 0.971300
-0.129100 -0.129100 0.983200
-0.000000 0.587900 0.808900
-0.000000 -0.587900 0.808900
-0.000000 0.238100 0.971300
-0.207500 0.430800 0.878300
0.207500 -0.430800 0.878300
16
0 0 1 2 0 1 2 1
0 3 0 2 3 0 2 1
0 4 5 6 4 0 0 1
0 7 4 6 0 4 0 1
0 5 8 9 0 5 0 1
0 8 7 9 5 0 0 1
0 1 10 11 1 0 6 1
0 10 3 11 0 3 6 1
0 0 12 1 0 0 1 1
0 3 13 0 3 0 0 1
0 4 14 5 4 7 0 1
0 7 15 4 0 8 4 1
0 5 14 8 0 7 5 1
0 8 15 7 5 8 0 1
0 1 12 10 1 0 0 1
0 10 13 3 0 0 3 1

Materials: 4
"Fill"
1.000000 1.000000 1.000000 1.000000
0.800000 0.800000 0.800000 1.000000
0.500000 0.500000 0.500000 1.000000
0.000000 0.000000 0.000000 1.000000
0.128000
1.000000
"textures/FrameBlack.png"
""
"Frame.Black"
1.000000 1.000000 1.000000 1.000000
0.800000 0.800000 0.800000 1.000000
0.500000 0.500000 0.500000 1.000000
0.000000 0.000000 0.000000 1.000000
0.128000
1.000000
"textures/FrameBlack.png"
""
"Frame.Chrome"
1.000000 1.000000 1.000000 1.000000
0.800000 0.800000 0.800000 1.000000
0.500000 0.500000 0.500000 1.000000
0.000000 0.000000 0.000000 1.000000
0.128000
1.000000
"textures/FrameLift.ini"
""
"Frame.Vibrant"
1.000000 1.000000 1.000000 1.000000
0.800000 0.800000 0.800000 1.000000
0.500000 0.500000 0.500000 1.000000
0.000000 0.000000 0.000000 1.000000
0.128000
1.000000
"textures/FrameVibrant.ini"
""

Bones: 0
GroupComments: 0
MaterialComments: 0
BoneComments: 0
ModelComment: 0
