// MilkShape 3D ASCII

Frames: 30
Frame: 1

Meshes: 1
"Anim" 0 0
172
0 -9.000000 0.500000 0.000000 0.026401 0.499447 -1
0 -9.000000 0.500000 -4.000000 0.026401 0.499447 -1
0 -8.000000 -0.500000 -4.000000 0.026940 0.501659 -1
0 -8.000000 -0.500000 0.000000 0.026940 0.501659 -1
0 -30.000000 0.000000 0.000000 0.078125 0.499466 -1
0 -29.000000 0.500000 0.000000 0.078646 0.499466 -1
0 -29.000000 1.500000 0.000000 0.078646 0.497329 -1
0 -30.000000 2.000000 0.000000 0.078125 0.497329 -1
0 -20.000000 10.500000 0.000000 0.083333 0.478098 -1
0 -20.500000 11.500000 0.000000 0.083333 0.475962 -1
0 8.000000 22.500000 0.000000 0.097917 0.452457 -1
0 8.000000 -0.500000 0.000000 0.097917 0.501603 -1
0 9.000000 0.500000 0.000000 0.098437 0.499466 -1
0 9.000000 23.000000 0.000000 0.098437 0.452457 -1
0 19.000000 10.500000 0.000000 0.103646 0.478098 -1
0 18.500000 11.500000 0.000000 0.103646 0.475962 -1
0 9.000000 2.000000 0.000000 0.098437 0.497329 -1
0 -9.000000 0.500000 0.000000 0.089063 0.499466 -1
0 -9.000000 2.000000 0.000000 0.089063 0.497329 -1
0 -18.500000 11.500000 0.000000 0.083854 0.475962 -1
0 -19.000000 10.500000 0.000000 0.083854 0.478098 -1
0 20.000000 10.500000 0.000000 0.104167 0.478098 -1
0 20.500000 11.500000 0.000000 0.104167 0.475962 -1
0 -2.500000 29.500000 0.000000 0.092708 0.437500 -1
0 -9.000000 23.000000 0.000000 0.089063 0.452457 -1
0 -8.000000 22.500000 0.000000 0.089583 0.452457 -1
0 -2.000000 28.500000 0.000000 0.092708 0.439637 -1
0 -0.500000 -29.500000 0.000000 0.093490 0.562500 -1
0 0.500000 -29.500000 0.000000 0.094010 0.562500 -1
0 0.500000 -28.000000 0.000000 0.094010 0.560363 -1
0 -0.500000 -28.000000 0.000000 0.093490 0.560363 -1
0 30.000000 0.000000 0.000000 0.109375 0.499466 -1
0 29.000000 0.500000 0.000000 0.108854 0.499466 -1
0 -8.000000 -0.500000 0.000000 0.089583 0.501603 -1
0 2.500000 29.500000 0.000000 0.094792 0.437500 -1
0 2.000000 28.500000 0.000000 0.094792 0.439637 -1
0 29.000000 1.500000 0.000000 0.108854 0.497329 -1
0 30.000000 2.000000 0.000000 0.109375 0.497329 -1
0 -2.500000 29.500000 0.000000 0.365723 0.070374 -1
0 2.500000 29.500000 0.000000 0.384277 0.070374 -1
0 3.000000 31.500000 0.000000 0.386133 0.062500 -1
0 -3.000000 31.500000 0.000000 0.363867 0.062500 -1
0 9.000000 23.000000 0.000000 0.408398 0.095965 -1
0 11.000000 23.500000 0.000000 0.415820 0.093996 -1
0 -9.000000 23.000000 0.000000 0.341602 0.095965 -1
0 -11.000000 23.500000 0.000000 0.334180 0.093996 -1
0 18.500000 11.500000 0.000000 0.443652 0.141240 -1
0 20.500000 11.500000 0.000000 0.451074 0.141240 -1
0 21.000000 13.500000 0.000000 0.452930 0.133366 -1
0 18.000000 13.500000 0.000000 0.441797 0.133366 -1
0 30.000000 2.000000 0.000000 0.486328 0.178642 -1
0 30.000000 0.000000 0.000000 0.486328 0.186516 -1
0 32.000000 -0.500000 0.000000 0.493750 0.188484 -1
0 32.000000 2.500000 0.000000 0.493750 0.176673 -1
0 9.000000 2.000000 0.000000 0.408398 0.178642 -1
0 9.000000 4.500000 0.000000 0.408398 0.168799 -1
0 0.500000 -29.500000 0.000000 0.376855 0.302657 -1
0 -0.500000 -29.500000 0.000000 0.373144 0.302657 -1
0 -0.500000 -32.000000 0.000000 0.373144 0.312500 -1
0 0.500000 -32.000000 0.000000 0.376855 0.312500 -1
0 -30.000000 0.000000 0.000000 0.263672 0.186516 -1
0 -32.000000 -0.500000 0.000000 0.256250 0.188484 -1
0 -30.000000 2.000000 0.000000 0.263672 0.178642 -1
0 -32.000000 2.500000 0.000000 0.256250 0.176673 -1
0 -20.500000 11.500000 0.000000 0.298926 0.141240 -1
0 -18.500000 11.500000 0.000000 0.306348 0.141240 -1
0 -18.000000 13.500000 0.000000 0.308203 0.133366 -1
0 -21.000000 13.500000 0.000000 0.297070 0.133366 -1
0 -9.000000 2.000000 0.000000 0.341602 0.178642 -1
0 -9.000000 4.500000 0.000000 0.341602 0.168799 -1
0 11.000000 6.500000 0.000000 0.415820 0.160925 -1
0 -11.000000 6.500000 0.000000 0.334180 0.160925 -1
0 -32.000000 -0.500000 0.000000 0.031250 0.250000 -1
0 -32.000000 2.500000 0.000000 0.031250 0.234127 -1
0 -32.000000 2.500000 -4.000000 0.031250 0.234127 -1
0 -32.000000 -0.500000 -4.000000 0.031250 0.250000 -1
0 9.000000 4.500000 0.000000 0.031250 0.218254 -1
0 18.000000 13.500000 0.000000 0.031250 0.142857 -1
0 18.000000 13.500001 -4.000000 0.031250 0.142857 -1
0 9.000000 4.500000 -4.000000 0.031250 0.218254 -1
0 -0.500000 -32.000000 0.000000 0.031250 0.500000 -1
0 -0.500000 -31.999998 -4.000000 0.031250 0.500000 -1
0 -21.000000 13.500000 0.000000 0.031250 0.142857 -1
0 -18.000000 13.500000 0.000000 0.031250 0.142857 -1
0 -18.000000 13.500001 -4.000000 0.031250 0.142857 -1
0 -21.000000 13.500001 -4.000000 0.031250 0.142857 -1
0 0.500000 -32.000000 0.000000 0.031250 0.500000 -1
0 0.500000 -31.999998 -4.000000 0.031250 0.500000 -1
0 21.000000 13.500000 0.000000 0.031250 0.142857 -1
0 32.000000 2.500000 0.000000 0.031250 0.234127 -1
0 32.000000 2.500000 -4.000000 0.031250 0.234127 -1
0 21.000000 13.500001 -4.000000 0.031250 0.142857 -1
0 32.000000 -0.500000 0.000000 0.031250 0.250000 -1
0 32.000000 -0.500000 -4.000000 0.031250 0.250000 -1
0 -9.000000 4.500000 0.000000 0.031250 0.218254 -1
0 -9.000000 4.500000 -4.000000 0.031250 0.218254 -1
0 -11.000000 23.500000 0.000000 0.031250 0.067460 -1
0 -3.000000 31.500000 0.000000 0.031250 0.000000 -1
0 -3.000000 31.500000 -4.000000 0.031250 0.000000 -1
0 -11.000000 23.500000 -4.000000 0.031250 0.067460 -1
0 11.000000 23.500000 0.000000 0.031250 0.067460 -1
0 11.000000 6.500000 0.000000 0.031250 0.202381 -1
0 11.000000 6.500000 -4.000000 0.031250 0.202381 -1
0 11.000000 23.500000 -4.000000 0.031250 0.067460 -1
0 3.000000 31.500000 0.000000 0.031250 0.000000 -1
0 3.000000 31.500000 -4.000000 0.031250 0.000000 -1
0 -11.000000 6.500000 0.000000 0.031250 0.202381 -1
0 -11.000000 6.500000 -4.000000 0.031250 0.202381 -1
0 1.000000 -11.500000 -4.000000 0.238281 0.015625 -1
0 -1.000000 -11.500000 -4.000000 0.238281 0.015625 -1
0 -0.500000 -22.000000 -4.000000 0.238281 0.015625 -1
0 0.500000 -22.000000 -4.000000 0.238281 0.015625 -1
0 -6.000000 -6.500000 -4.000000 0.238281 0.015625 -1
0 -8.000000 -6.500000 -4.000000 0.238281 0.015625 -1
0 23.000000 0.500000 -4.000000 0.238281 0.015625 -1
0 19.000000 4.500000 -4.000000 0.238281 0.015625 -1
0 8.000000 -6.500000 -4.000000 0.238281 0.015625 -1
0 -20.000000 4.500000 -4.000000 0.238281 0.015625 -1
0 -23.000000 1.500000 -4.000000 0.238281 0.015625 -1
0 -23.000000 0.500000 -4.000000 0.238281 0.015625 -1
0 -19.000000 4.500000 -4.000000 0.238281 0.015625 -1
0 1.000000 -9.000000 -4.000000 0.230469 0.015625 -1
0 1.000000 5.000000 -4.000000 0.230469 0.015625 -1
0 -1.000000 5.000000 -4.000000 0.230469 0.015625 -1
0 -1.000000 -9.000000 -4.000000 0.230469 0.015625 -1
0 2.000000 22.500000 -4.000000 0.222656 0.015625 -1
0 1.000000 7.500000 -4.000000 0.222656 0.015625 -1
0 4.000000 10.500000 -4.000000 0.222656 0.015625 -1
0 4.000000 20.500000 -4.000000 0.222656 0.015625 -1
0 -4.000000 8.000000 -4.000000 0.230469 0.015625 -1
0 -4.000000 -6.000000 -4.000000 0.230469 0.015625 -1
0 4.000000 -6.000000 -4.000000 0.230469 0.015625 -1
0 4.000000 8.000000 -4.000000 0.230469 0.015625 -1
0 -2.000000 22.500000 -4.000000 0.222656 0.015625 -1
0 -1.000000 7.500000 -4.000000 0.222656 0.015625 -1
0 20.000000 4.500000 -4.000000 0.238281 0.015625 -1
0 23.000000 1.500000 -4.000000 0.238281 0.015625 -1
0 -4.000000 10.500000 -4.000000 0.222656 0.015625 -1
0 -4.000000 20.500000 -4.000000 0.222656 0.015625 -1
0 6.000000 -6.500000 -4.000000 0.238281 0.015625 -1
0 -0.500000 -28.000000 0.000000 0.030981 0.562500 -1
0 0.500000 -28.000000 0.000000 0.031519 0.562500 -1
0 0.500000 -28.000000 -4.000000 0.031519 0.562500 -1
0 -0.500000 -28.000000 -4.000000 0.030981 0.562500 -1
0 19.000000 10.500000 0.000000 0.041487 0.477323 -1
0 9.000000 0.500000 0.000000 0.036099 0.499447 -1
0 9.000000 0.500000 -4.000000 0.036099 0.499447 -1
0 19.000000 10.500000 -4.000000 0.041487 0.477323 -1
0 2.000000 28.500000 0.000000 0.032328 0.437500 -1
0 -2.000000 28.500000 0.000000 0.030172 0.437500 -1
0 -2.000000 28.500000 -4.000000 0.030172 0.437500 -1
0 2.000000 28.500000 -4.000000 0.032328 0.437500 -1
0 -29.000000 0.500000 0.000000 0.015625 0.499447 -1
0 -29.000000 0.500000 -4.000000 0.015625 0.499447 -1
0 20.000000 10.500000 0.000000 0.042026 0.477323 -1
0 20.000000 10.500000 -4.000000 0.042026 0.477323 -1
0 -8.000000 22.500000 0.000000 0.026940 0.450774 -1
0 -8.000000 22.500000 -4.000000 0.026940 0.450774 -1
0 29.000000 0.500000 0.000000 0.046875 0.499447 -1
0 29.000000 1.500000 0.000000 0.046875 0.497235 -1
0 29.000000 1.500000 -4.000000 0.046875 0.497235 -1
0 29.000000 0.500000 -4.000000 0.046875 0.499447 -1
0 8.000000 22.500000 0.000000 0.035560 0.450774 -1
0 8.000000 22.500000 -4.000000 0.035560 0.450774 -1
0 -19.000000 10.500000 0.000000 0.021013 0.477323 -1
0 -19.000000 10.500000 -4.000000 0.021013 0.477323 -1
0 8.000000 -0.500000 0.000000 0.035560 0.501659 -1
0 8.000000 -0.500000 -4.000000 0.035560 0.501659 -1
0 -20.000000 10.500000 0.000000 0.020474 0.477323 -1
0 -20.000000 10.500000 -4.000000 0.020474 0.477323 -1
0 -29.000000 1.500000 0.000000 0.015625 0.497235 -1
0 -29.000000 1.500000 -4.000000 0.015625 0.497235 -1
40
-0.707107 -0.707107 0.000000
0.382683 -0.923880 0.000000
0.000000 0.000000 1.000000
-0.967538 -0.252725 0.000000
-0.862856 0.505449 0.000000
-0.967538 0.252725 0.000000
-0.862856 -0.505449 -0.000000
-0.707107 0.707107 0.000000
-0.252725 0.967538 0.000000
-0.505449 0.862856 0.000000
-0.707107 0.707107 0.000000
-0.505449 -0.862856 -0.000000
-0.252725 -0.967538 -0.000000
0.505449 0.862856 0.000000
0.252725 0.967538 0.000000
0.252725 -0.967538 -0.000000
0.505449 -0.862856 -0.000000
0.967538 0.252725 0.000000
0.862856 0.505449 0.000000
0.862856 -0.505449 -0.000000
0.967538 -0.252725 0.000000
0.707107 0.707107 0.000000
0.707107 0.707107 0.000000
-0.862856 0.505449 0.000000
-0.252725 0.967538 0.000000
-0.505449 0.862856 0.000000
1.000000 0.000000 0.000000
0.862856 0.505449 0.000000
0.505449 0.862856 0.000000
0.252725 0.967538 0.000000
-1.000000 0.000000 0.000000
0.505449 -0.862856 0.000000
0.707107 -0.707107 0.000000
0.252725 -0.967538 0.000000
-0.252725 -0.967538 0.000000
-0.505449 -0.862856 0.000000
0.862856 -0.505449 0.000000
-0.862856 -0.505449 0.000000
-0.877355 -0.479842 0.000000
0.281085 -0.959683 0.000000
158
0 0 1 2 0 0 1 1
0 0 2 3 0 1 1 1
0 4 5 6 2 2 2 1
0 4 6 7 2 2 2 1
0 7 6 8 2 2 2 1
0 7 8 9 2 2 2 1
0 10 11 12 2 2 2 1
0 10 12 13 2 2 2 1
0 12 14 15 2 2 2 1
0 12 15 16 2 2 2 1
0 17 18 19 2 2 2 1
0 17 19 20 2 2 2 1
0 14 21 22 2 2 2 1
0 14 22 15 2 2 2 1
0 23 24 25 2 2 2 1
0 23 25 26 2 2 2 1
0 27 28 29 2 2 2 1
0 27 29 30 2 2 2 1
0 29 28 31 2 2 2 1
0 29 31 32 2 2 2 1
0 17 33 25 2 2 2 1
0 17 25 24 2 2 2 1
0 9 8 20 2 2 2 1
0 9 20 19 2 2 2 1
0 10 13 34 2 2 2 1
0 10 34 35 2 2 2 1
0 36 32 31 2 2 2 1
0 36 31 37 2 2 2 1
0 21 36 37 2 2 2 1
0 21 37 22 2 2 2 1
0 35 34 23 2 2 2 1
0 35 23 26 2 2 2 1
0 4 27 30 2 2 2 1
0 4 30 5 2 2 2 1
0 38 39 40 2 2 2 1
0 38 40 41 2 2 2 1
0 39 42 43 2 2 2 1
0 39 43 40 2 2 2 1
0 44 38 41 2 2 2 1
0 44 41 45 2 2 2 1
0 46 47 48 2 2 2 1
0 46 48 49 2 2 2 1
0 50 51 52 2 2 2 1
0 50 52 53 2 2 2 1
0 47 50 53 2 2 2 1
0 47 53 48 2 2 2 1
0 54 46 49 2 2 2 1
0 54 49 55 2 2 2 1
0 56 57 58 2 2 2 1
0 56 58 59 2 2 2 1
0 57 60 61 2 2 2 1
0 57 61 58 2 2 2 1
0 51 56 59 2 2 2 1
0 51 59 52 2 2 2 1
0 60 62 63 2 2 2 1
0 60 63 61 2 2 2 1
0 64 65 66 2 2 2 1
0 64 66 67 2 2 2 1
0 62 64 67 2 2 2 1
0 62 67 63 2 2 2 1
0 65 68 69 2 2 2 1
0 65 69 66 2 2 2 1
0 43 42 55 2 2 2 1
0 43 55 70 2 2 2 1
0 44 45 71 2 2 2 1
0 44 71 69 2 2 2 1
0 72 73 74 3 4 5 1
0 72 74 75 3 5 6 1
0 76 77 78 7 8 9 1
0 76 78 79 7 9 10 1
0 80 72 75 11 3 6 1
0 80 75 81 11 6 12 1
0 82 83 84 8 13 14 1
0 82 84 85 8 14 9 1
0 86 80 81 15 11 12 1
0 86 81 87 15 12 16 1
0 88 89 90 13 17 18 1
0 88 90 91 13 18 14 1
0 73 82 85 4 8 9 1
0 73 85 74 4 9 5 1
0 77 88 91 8 13 14 1
0 77 91 78 8 14 9 1
0 89 92 93 17 19 20 1
0 89 93 90 17 20 18 1
0 92 86 87 19 15 16 1
0 92 87 93 19 16 20 1
0 83 94 95 13 21 22 1
0 83 95 84 13 22 14 1
0 96 97 98 23 24 25 1
0 96 98 99 23 25 5 1
0 100 101 102 17 26 26 1
0 100 102 103 17 26 27 1
0 104 100 103 28 17 27 1
0 104 103 105 28 27 29 1
0 106 96 99 30 23 5 1
0 106 99 107 30 5 30 1
0 97 104 105 24 28 29 1
0 97 105 98 24 29 25 1
0 108 109 110 2 2 2 1
0 108 110 111 2 2 2 1
0 110 109 112 2 2 2 1
0 110 112 113 2 2 2 1
0 114 115 116 2 2 2 1
0 114 116 111 2 2 2 1
0 117 118 119 2 2 2 1
0 117 119 120 2 2 2 1
0 121 122 123 2 2 2 1
0 121 123 124 2 2 2 1
0 125 126 127 2 2 2 1
0 125 127 128 2 2 2 1
0 124 123 129 2 2 2 1
0 124 129 130 2 2 2 1
0 122 121 131 2 2 2 1
0 122 131 132 2 2 2 1
0 133 134 126 2 2 2 1
0 133 126 125 2 2 2 1
0 135 115 114 2 2 2 1
0 135 114 136 2 2 2 1
0 120 119 110 2 2 2 1
0 120 110 113 2 2 2 1
0 137 134 133 2 2 2 1
0 137 133 138 2 2 2 1
0 111 116 139 2 2 2 1
0 111 139 108 2 2 2 1
0 140 141 142 29 25 24 1
0 140 142 143 29 24 28 1
0 144 145 146 31 32 32 1
0 144 146 147 31 32 33 1
0 148 149 150 34 31 33 1
0 148 150 151 34 33 35 1
0 152 140 143 27 29 28 1
0 152 143 153 27 28 17 1
0 154 144 147 34 31 33 1
0 154 147 155 34 33 35 1
0 149 156 157 31 20 36 1
0 149 157 150 31 36 33 1
0 158 159 160 5 37 3 1
0 158 160 161 5 3 23 1
0 162 148 151 37 34 35 1
0 162 151 163 37 35 3 1
0 0 164 165 0 34 35 1
0 0 165 1 0 35 0 1
0 166 162 163 38 37 3 1
0 166 163 167 38 3 39 1
0 156 3 2 20 1 1 1
0 156 2 157 20 1 36 1
0 164 168 169 34 31 33 1
0 164 169 165 34 33 35 1
0 159 154 155 37 34 35 1
0 159 155 160 37 35 3 1
0 141 158 161 25 5 23 1
0 141 161 142 25 23 24 1
0 168 170 171 31 20 36 1
0 168 171 169 31 36 33 1
0 145 166 167 32 38 39 1
0 145 167 146 32 39 32 1
0 170 152 153 20 27 17 1
0 170 153 171 20 17 36 1

Materials: 1
"Tex"
1.000000 1.000000 1.000000 1.000000
0.800000 0.800000 0.800000 1.000000
0.500000 0.500000 0.500000 1.000000
0.000000 0.000000 0.000000 1.000000
0.128000
1.000000
"textures\Tap Note parts (mipmaps).ini"
""

Bones: 0
GroupComments: 0
MaterialComments: 0
BoneComments: 0
ModelComment: 0
