// MilkShape 3D ASCII

Frames: 30
Frame: 1

Meshes: 2
"Anim" 0 0
82
0 29.000000 1.500000 0.000000 0.546875 0.238938 -1
0 20.000000 10.500000 0.000000 0.546875 0.159292 -1
0 20.000000 4.500000 0.000000 0.546875 0.212389 -1
0 23.000000 1.500000 0.000000 0.546875 0.238938 -1
0 19.000000 4.500000 0.000000 0.546875 0.212389 -1
0 19.000000 10.500000 0.000000 0.546875 0.159292 -1
0 -23.000000 0.500000 0.000000 0.546875 0.247788 -1
0 -29.000000 0.500000 0.000000 0.546875 0.247788 -1
0 -0.500000 -28.000000 0.000000 0.546875 0.500000 -1
0 -0.500000 -22.000000 0.000000 0.546875 0.446903 -1
0 -20.000000 4.500000 0.000000 0.546875 0.212389 -1
0 -20.000000 10.500000 0.000000 0.546875 0.159292 -1
0 -29.000000 1.500000 0.000000 0.546875 0.238938 -1
0 -23.000000 1.500000 0.000000 0.546875 0.238938 -1
0 -19.000000 4.500000 0.000000 0.546875 0.212389 -1
0 -19.000000 10.500000 0.000000 0.546875 0.159292 -1
0 -8.000000 -6.500000 -0.000000 0.546875 0.309735 -1
0 -6.000000 -6.500000 -0.000000 0.546875 0.309735 -1
0 -9.000000 0.500000 0.000000 0.546875 0.247788 -1
0 0.500000 -22.000000 0.000000 0.546875 0.446903 -1
0 0.500000 -28.000000 0.000000 0.546875 0.500000 -1
0 29.000000 0.500000 0.000000 0.546875 0.247788 -1
0 23.000000 0.500000 0.000000 0.546875 0.247788 -1
0 2.000000 22.500000 0.000000 0.546875 0.053097 -1
0 4.000000 20.500000 0.000000 0.546875 0.070796 -1
0 8.000000 22.500000 0.000000 0.546875 0.053097 -1
0 2.000000 28.500000 0.000000 0.546875 0.000000 -1
0 -8.000000 22.500000 0.000000 0.546875 0.053097 -1
0 -4.000000 20.500000 0.000000 0.546875 0.070796 -1
0 -2.000000 22.500000 0.000000 0.546875 0.053097 -1
0 -2.000000 28.500000 0.000000 0.546875 0.000000 -1
0 -1.000000 7.500000 0.000000 0.546875 0.185841 -1
0 -1.000000 5.000000 -0.000000 0.546875 0.207965 -1
0 1.000000 5.000000 -0.000000 0.546875 0.207965 -1
0 1.000000 7.500000 0.000000 0.546875 0.185841 -1
0 4.000000 -6.000000 0.000000 0.546875 0.305310 -1
0 1.000000 -9.000000 -0.000000 0.546875 0.331859 -1
0 1.000000 -11.500000 0.000000 0.546875 0.353982 -1
0 6.000000 -6.500000 -0.000000 0.546875 0.309735 -1
0 9.000000 0.500000 0.000000 0.546875 0.247788 -1
0 8.000000 -6.500000 -0.000000 0.546875 0.309735 -1
0 -4.000000 10.500000 0.000000 0.546875 0.159292 -1
0 -4.000000 8.000000 0.000000 0.546875 0.181416 -1
0 4.000000 8.000000 0.000000 0.546875 0.181416 -1
0 4.000000 10.500000 0.000000 0.546875 0.159292 -1
0 8.000000 -0.500000 0.000000 0.546875 0.256637 -1
0 -4.000000 -6.000000 0.000000 0.546875 0.305310 -1
0 -8.000000 -0.500000 0.000000 0.546875 0.256637 -1
0 -1.000000 -9.000000 -0.000000 0.546875 0.331859 -1
0 -1.000000 -11.500000 0.000000 0.546875 0.353982 -1
0 1.000000 -11.500000 -4.000000 0.519531 0.015625 -1
0 -1.000000 -11.500000 -4.000000 0.519531 0.015625 -1
0 -0.500000 -22.000000 -4.000000 0.519531 0.015625 -1
0 0.500000 -22.000000 -4.000000 0.519531 0.015625 -1
0 -6.000000 -6.500000 -4.000000 0.519531 0.015625 -1
0 -8.000000 -6.500000 -4.000000 0.519531 0.015625 -1
0 23.000000 0.500000 -4.000000 0.519531 0.015625 -1
0 19.000000 4.500000 -4.000000 0.519531 0.015625 -1
0 8.000000 -6.500000 -4.000000 0.519531 0.015625 -1
0 -20.000000 4.500000 -4.000000 0.519531 0.015625 -1
0 -23.000000 1.500000 -4.000000 0.519531 0.015625 -1
0 -23.000000 0.500000 -4.000000 0.519531 0.015625 -1
0 -19.000000 4.500000 -4.000000 0.519531 0.015625 -1
0 1.000000 -9.000000 -4.000000 0.511719 0.015625 -1
0 1.000000 5.000000 -4.000000 0.511719 0.015625 -1
0 -1.000000 5.000000 -4.000000 0.511719 0.015625 -1
0 -1.000000 -9.000000 -4.000000 0.511719 0.015625 -1
0 2.000000 22.500000 -4.000000 0.503906 0.015625 -1
0 1.000000 7.500000 -4.000000 0.503906 0.015625 -1
0 4.000000 10.500000 -4.000000 0.503906 0.015625 -1
0 4.000000 20.500000 -4.000000 0.503906 0.015625 -1
0 -4.000000 8.000000 -4.000000 0.511719 0.015625 -1
0 -4.000000 -6.000000 -4.000000 0.511719 0.015625 -1
0 4.000000 -6.000000 -4.000000 0.511719 0.015625 -1
0 4.000000 8.000000 -4.000000 0.511719 0.015625 -1
0 -2.000000 22.500000 -4.000000 0.503906 0.015625 -1
0 -1.000000 7.500000 -4.000000 0.503906 0.015625 -1
0 20.000000 4.500000 -4.000000 0.519531 0.015625 -1
0 23.000000 1.500000 -4.000000 0.519531 0.015625 -1
0 -4.000000 10.500000 -4.000000 0.503906 0.015625 -1
0 -4.000000 20.500000 -4.000000 0.503906 0.015625 -1
0 6.000000 -6.500000 -4.000000 0.519531 0.015625 -1
1
0.000000 0.000000 1.000000
76
0 0 1 2 0 0 0 1
0 0 2 3 0 0 0 1
0 4 2 1 0 0 0 1
0 4 1 5 0 0 0 1
0 6 7 8 0 0 0 1
0 6 8 9 0 0 0 1
0 10 11 12 0 0 0 1
0 10 12 13 0 0 0 1
0 11 10 14 0 0 0 1
0 11 14 15 0 0 0 1
0 16 17 18 0 0 0 1
0 19 20 21 0 0 0 1
0 19 21 22 0 0 0 1
0 16 18 15 0 0 0 1
0 16 15 14 0 0 0 1
0 12 7 6 0 0 0 1
0 12 6 13 0 0 0 1
0 23 24 25 0 0 0 1
0 23 25 26 0 0 0 1
0 27 28 29 0 0 0 1
0 27 29 30 0 0 0 1
0 31 32 33 0 0 0 1
0 31 33 34 0 0 0 1
0 35 36 37 0 0 0 1
0 35 37 38 0 0 0 1
0 5 39 40 0 0 0 1
0 5 40 4 0 0 0 1
0 41 42 32 0 0 0 1
0 41 32 31 0 0 0 1
0 33 43 44 0 0 0 1
0 33 44 34 0 0 0 1
0 45 25 24 0 0 0 1
0 45 24 35 0 0 0 1
0 20 19 9 0 0 0 1
0 20 9 8 0 0 0 1
0 23 26 30 0 0 0 1
0 23 30 29 0 0 0 1
0 18 17 46 0 0 0 1
0 18 46 47 0 0 0 1
0 28 27 47 0 0 0 1
0 28 47 46 0 0 0 1
0 36 48 49 0 0 0 1
0 36 49 37 0 0 0 1
0 22 21 0 0 0 0 1
0 22 0 3 0 0 0 1
0 48 46 17 0 0 0 1
0 48 17 49 0 0 0 1
0 45 35 38 0 0 0 1
0 45 38 39 0 0 0 1
0 39 38 40 0 0 0 1
0 50 51 52 0 0 0 1
0 50 52 53 0 0 0 1
0 52 51 54 0 0 0 1
0 52 54 55 0 0 0 1
0 56 57 58 0 0 0 1
0 56 58 53 0 0 0 1
0 59 60 61 0 0 0 1
0 59 61 62 0 0 0 1
0 63 64 65 0 0 0 1
0 63 65 66 0 0 0 1
0 67 68 69 0 0 0 1
0 67 69 70 0 0 0 1
0 66 65 71 0 0 0 1
0 66 71 72 0 0 0 1
0 64 63 73 0 0 0 1
0 64 73 74 0 0 0 1
0 75 76 68 0 0 0 1
0 75 68 67 0 0 0 1
0 77 57 56 0 0 0 1
0 77 56 78 0 0 0 1
0 62 61 52 0 0 0 1
0 62 52 55 0 0 0 1
0 79 76 75 0 0 0 1
0 79 75 80 0 0 0 1
0 53 58 81 0 0 0 1
0 53 81 50 0 0 0 1
"Still" 0 1
168
1 -4.000000 20.500000 0.000000 0.028533 0.443182 -1
1 -4.000000 10.500000 0.000000 0.028533 0.470170 -1
1 -4.000000 10.500000 -4.000000 0.028533 0.470170 -1
1 -4.000000 20.500000 -4.000000 0.028533 0.443182 -1
1 4.000000 10.500000 0.000000 0.033967 0.470170 -1
1 4.000000 20.500000 0.000000 0.033967 0.443182 -1
1 4.000000 20.500000 -4.000000 0.033967 0.443182 -1
1 4.000000 10.500000 -4.000000 0.033967 0.470170 -1
1 -4.000000 8.000000 0.000000 0.028533 0.477273 -1
1 -4.000000 -6.000000 0.000000 0.028533 0.517045 -1
1 -4.000000 -6.000000 -4.000000 0.028533 0.517045 -1
1 -4.000000 8.000000 -4.000000 0.028533 0.477273 -1
1 4.000000 -6.000000 0.000000 0.033967 0.517045 -1
1 4.000000 8.000000 0.000000 0.033967 0.477273 -1
1 4.000000 8.000000 -4.000000 0.033967 0.477273 -1
1 4.000000 -6.000000 -4.000000 0.033967 0.517045 -1
1 -30.000000 0.000000 0.000000 0.078125 0.499466 -1
1 -29.000000 0.500000 0.000000 0.078646 0.499466 -1
1 -29.000000 1.500000 0.000000 0.078646 0.497329 -1
1 -30.000000 2.000000 0.000000 0.078125 0.497329 -1
1 -20.000000 10.500000 0.000000 0.083333 0.478098 -1
1 -20.500000 11.500000 0.000000 0.083333 0.475962 -1
1 8.000000 22.500000 0.000000 0.097917 0.452457 -1
1 8.000000 -0.500000 0.000000 0.097917 0.501603 -1
1 9.000000 0.500000 0.000000 0.098437 0.499466 -1
1 9.000000 23.000000 0.000000 0.098437 0.452457 -1
1 19.000000 10.500000 0.000000 0.103646 0.478098 -1
1 18.500000 11.500000 0.000000 0.103646 0.475962 -1
1 9.000000 2.000000 0.000000 0.098437 0.497329 -1
1 2.000000 22.500000 0.000000 0.032609 0.437500 -1
1 -2.000000 22.500000 0.000000 0.029891 0.437500 -1
1 -2.000000 22.500000 -4.000000 0.029891 0.437500 -1
1 2.000000 22.500000 -4.000000 0.032609 0.437500 -1
1 -6.000000 -6.500000 -0.000000 0.027174 0.518466 -1
1 -8.000000 -6.500000 -0.000000 0.025815 0.518466 -1
1 -8.000000 -6.500000 -4.000000 0.025815 0.518466 -1
1 -6.000000 -6.500000 -4.000000 0.027174 0.518466 -1
1 -9.000000 0.500000 0.000000 0.089063 0.499466 -1
1 -9.000000 2.000000 0.000000 0.089063 0.497329 -1
1 -18.500000 11.500000 0.000000 0.083854 0.475962 -1
1 -19.000000 10.500000 0.000000 0.083854 0.478098 -1
1 20.000000 10.500000 0.000000 0.104167 0.478098 -1
1 20.500000 11.500000 0.000000 0.104167 0.475962 -1
1 -2.500000 29.500000 0.000000 0.092708 0.437500 -1
1 -9.000000 23.000000 0.000000 0.089063 0.452457 -1
1 -8.000000 22.500000 0.000000 0.089583 0.452457 -1
1 -2.000000 28.500000 0.000000 0.092708 0.439637 -1
1 -0.500000 -29.500000 0.000000 0.093490 0.562500 -1
1 0.500000 -29.500000 0.000000 0.094010 0.562500 -1
1 0.500000 -28.000000 0.000000 0.094010 0.560363 -1
1 -0.500000 -28.000000 0.000000 0.093490 0.560363 -1
1 -1.000000 7.500000 0.000000 0.030571 0.478693 -1
1 -1.000000 7.500000 -4.000000 0.030571 0.478693 -1
1 30.000000 0.000000 0.000000 0.109375 0.499466 -1
1 29.000000 0.500000 0.000000 0.108854 0.499466 -1
1 8.000000 -6.500000 -0.000000 0.036685 0.518466 -1
1 6.000000 -6.500000 -0.000000 0.035326 0.518466 -1
1 6.000000 -6.500000 -4.000000 0.035326 0.518466 -1
1 8.000000 -6.500000 -4.000000 0.036685 0.518466 -1
1 19.000000 4.500000 0.000000 0.044158 0.487216 -1
1 19.000000 4.500000 -4.000000 0.044158 0.487216 -1
1 -1.000000 -9.000000 -0.000000 0.030571 0.525568 -1
1 -1.000000 -9.000000 -4.000000 0.030571 0.525568 -1
1 -8.000000 -0.500000 0.000000 0.089583 0.501603 -1
1 20.000000 4.500000 0.000000 0.044837 0.487216 -1
1 20.000000 4.500000 -4.000000 0.044837 0.487216 -1
1 -1.000000 5.000000 -0.000000 0.030571 0.485795 -1
1 -1.000000 5.000000 -4.000000 0.030571 0.485795 -1
1 2.500000 29.500000 0.000000 0.094792 0.437500 -1
1 2.000000 28.500000 0.000000 0.094792 0.439637 -1
1 29.000000 1.500000 0.000000 0.108854 0.497329 -1
1 30.000000 2.000000 0.000000 0.109375 0.497329 -1
1 1.000000 -9.000000 -0.000000 0.031929 0.525568 -1
1 1.000000 -9.000000 -4.000000 0.031929 0.525568 -1
1 -0.500000 -22.000000 0.000000 0.030910 0.562500 -1
1 0.500000 -22.000000 0.000000 0.031590 0.562500 -1
1 0.500000 -22.000000 -4.000000 0.031590 0.562500 -1
1 -0.500000 -22.000000 -4.000000 0.030910 0.562500 -1
1 -2.500000 29.500000 0.000000 0.030273 0.441468 -1
1 2.500000 29.500000 0.000000 0.032227 0.441468 -1
1 3.000000 31.500000 0.000000 0.032471 0.437500 -1
1 -3.000000 31.500000 0.000000 0.030029 0.437500 -1
1 9.000000 23.000000 0.000000 0.035645 0.455357 -1
1 11.000000 23.500000 0.000000 0.036621 0.454365 -1
1 -9.000000 23.000000 0.000000 0.026855 0.455357 -1
1 -11.000000 23.500000 0.000000 0.025879 0.454365 -1
1 18.500000 11.500000 0.000000 0.040527 0.477183 -1
1 20.500000 11.500000 0.000000 0.041016 0.477183 -1
1 21.000000 13.500000 0.000000 0.041260 0.473214 -1
1 18.000000 13.500000 0.000000 0.040283 0.473214 -1
1 30.000000 2.000000 0.000000 0.045898 0.497024 -1
1 30.000000 0.000000 0.000000 0.045898 0.499008 -1
1 32.000000 -0.500000 0.000000 0.046875 0.500000 -1
1 32.000000 2.500000 0.000000 0.046875 0.496032 -1
1 9.000000 2.000000 0.000000 0.035645 0.497024 -1
1 9.000000 4.500000 0.000000 0.035645 0.492064 -1
1 0.500000 -29.500000 0.000000 0.031494 0.557540 -1
1 -0.500000 -29.500000 0.000000 0.031006 0.557540 -1
1 -0.500000 -32.000000 0.000000 0.031006 0.562500 -1
1 0.500000 -32.000000 0.000000 0.031494 0.562500 -1
1 -30.000000 0.000000 0.000000 0.016602 0.499008 -1
1 -32.000000 -0.500000 0.000000 0.015625 0.500000 -1
1 -30.000000 2.000000 0.000000 0.016602 0.497024 -1
1 -32.000000 2.500000 0.000000 0.015625 0.496032 -1
1 -20.500000 11.500000 0.000000 0.021484 0.477183 -1
1 -18.500000 11.500000 0.000000 0.021973 0.477183 -1
1 -18.000000 13.500000 0.000000 0.022217 0.473214 -1
1 -21.000000 13.500000 0.000000 0.021240 0.473214 -1
1 -9.000000 2.000000 0.000000 0.026855 0.497024 -1
1 -9.000000 4.500000 0.000000 0.026855 0.492064 -1
1 11.000000 6.500000 0.000000 0.036621 0.488095 -1
1 -11.000000 6.500000 0.000000 0.025879 0.488095 -1
1 -32.000000 -0.500000 0.000000 0.031250 0.250000 -1
1 -32.000000 2.500000 0.000000 0.031250 0.234127 -1
1 -32.000000 2.500000 -4.000000 0.031250 0.234127 -1
1 -32.000000 -0.500000 -4.000000 0.031250 0.250000 -1
1 9.000000 4.500000 0.000000 0.031250 0.218254 -1
1 18.000000 13.500000 0.000000 0.031250 0.142857 -1
1 18.000000 13.500001 -4.000000 0.031250 0.142857 -1
1 9.000000 4.500000 -4.000000 0.031250 0.218254 -1
1 -0.500000 -32.000000 0.000000 0.031250 0.500000 -1
1 -0.500000 -32.000000 -4.000000 0.031250 0.500000 -1
1 -21.000000 13.500000 0.000000 0.031250 0.142857 -1
1 -18.000000 13.500000 0.000000 0.031250 0.142857 -1
1 -18.000000 13.500001 -4.000000 0.031250 0.142857 -1
1 -21.000000 13.500001 -4.000000 0.031250 0.142857 -1
1 0.500000 -32.000000 0.000000 0.031250 0.500000 -1
1 0.500000 -32.000000 -4.000000 0.031250 0.500000 -1
1 21.000000 13.500000 0.000000 0.031250 0.142857 -1
1 32.000000 2.500000 0.000000 0.031250 0.234127 -1
1 32.000000 2.500000 -4.000000 0.031250 0.234127 -1
1 21.000000 13.500001 -4.000000 0.031250 0.142857 -1
1 32.000000 -0.500000 0.000000 0.031250 0.250000 -1
1 32.000000 -0.500000 -4.000000 0.031250 0.250000 -1
1 -9.000000 4.500000 0.000000 0.031250 0.218254 -1
1 -9.000000 4.500000 -4.000000 0.031250 0.218254 -1
1 -11.000000 23.500000 0.000000 0.031250 0.067460 -1
1 -3.000000 31.500000 0.000000 0.031250 0.000000 -1
1 -3.000000 31.500000 -4.000000 0.031250 0.000000 -1
1 -11.000000 23.500000 -4.000000 0.031250 0.067460 -1
1 11.000000 23.500000 0.000000 0.031250 0.067460 -1
1 11.000000 6.500000 0.000000 0.031250 0.202381 -1
1 11.000000 6.500000 -4.000000 0.031250 0.202381 -1
1 11.000000 23.500000 -4.000000 0.031250 0.067460 -1
1 3.000000 31.500000 0.000000 0.031250 0.000000 -1
1 3.000000 31.500000 -4.000000 0.031250 0.000000 -1
1 -11.000000 6.500000 0.000000 0.031250 0.202381 -1
1 -11.000000 6.500000 -4.000000 0.031250 0.202381 -1
1 23.000000 0.500000 0.000000 0.046875 0.498580 -1
1 23.000000 0.500000 -4.000000 0.046875 0.498580 -1
1 -19.000000 4.500000 0.000000 0.018342 0.487216 -1
1 -19.000000 4.500000 -4.000000 0.018342 0.487216 -1
1 23.000000 1.500000 0.000000 0.046875 0.495739 -1
1 23.000000 1.500000 -4.000000 0.046875 0.495739 -1
1 -23.000000 1.500000 0.000000 0.015625 0.495739 -1
1 -23.000000 0.500000 0.000000 0.015625 0.498580 -1
1 -23.000000 0.500000 -4.000000 0.015625 0.498580 -1
1 -23.000000 1.500000 -4.000000 0.015625 0.495739 -1
1 1.000000 5.000000 -0.000000 0.031929 0.485795 -1
1 1.000000 5.000000 -4.000000 0.031929 0.485795 -1
1 -1.000000 -11.500000 0.000000 0.030571 0.532670 -1
1 -1.000000 -11.500000 -4.000000 0.030571 0.532670 -1
1 1.000000 -11.500000 0.000000 0.031929 0.532670 -1
1 1.000000 -11.500000 -4.000000 0.031929 0.532670 -1
1 1.000000 7.500000 0.000000 0.031929 0.478693 -1
1 1.000000 7.500000 -4.000000 0.031929 0.478693 -1
1 -20.000000 4.500000 0.000000 0.017663 0.487216 -1
1 -20.000000 4.500000 -4.000000 0.017663 0.487216 -1
9
1.000000 0.000000 0.000000
-1.000000 0.000000 0.000000
0.000000 0.000000 1.000000
0.000000 -1.000000 0.000000
0.707100 0.707100 0.000000
0.707100 -0.707100 0.000000
-0.707100 -0.707100 0.000000
-0.707100 0.707100 0.000000
0.000000 1.000000 0.000000
160
0 0 1 2 0 0 0 1
0 0 2 3 0 0 0 1
0 4 5 6 1 1 1 1
0 4 6 7 1 1 1 1
0 8 9 10 0 0 0 1
0 8 10 11 0 0 0 1
0 12 13 14 1 1 1 1
0 12 14 15 1 1 1 1
0 16 17 18 2 2 2 1
0 16 18 19 2 2 2 1
0 19 18 20 2 2 2 1
0 19 20 21 2 2 2 1
0 22 23 24 2 2 2 1
0 22 24 25 2 2 2 1
0 24 26 27 2 2 2 1
0 24 27 28 2 2 2 1
0 29 30 31 3 3 3 1
0 29 31 32 3 3 3 1
0 33 34 35 3 3 3 1
0 33 35 36 3 3 3 1
0 37 38 39 2 2 2 1
0 37 39 40 2 2 2 1
0 26 41 42 2 2 2 1
0 26 42 27 2 2 2 1
0 43 44 45 2 2 2 1
0 43 45 46 2 2 2 1
0 47 48 49 2 2 2 1
0 47 49 50 2 2 2 1
0 1 51 52 4 4 4 1
0 1 52 2 4 4 4 1
0 49 48 53 2 2 2 1
0 49 53 54 2 2 2 1
0 55 56 57 3 3 3 1
0 55 57 58 3 3 3 1
0 59 55 58 5 5 5 1
0 59 58 60 5 5 5 1
0 9 61 62 4 4 4 1
0 9 62 10 4 4 4 1
0 37 63 45 2 2 2 1
0 37 45 44 2 2 2 1
0 64 59 60 3 3 3 1
0 64 60 65 3 3 3 1
0 66 8 11 6 6 6 1
0 66 11 67 6 6 6 1
0 21 20 40 2 2 2 1
0 21 40 39 2 2 2 1
0 22 25 68 2 2 2 1
0 22 68 69 2 2 2 1
0 70 54 53 2 2 2 1
0 70 53 71 2 2 2 1
0 41 70 71 2 2 2 1
0 41 71 42 2 2 2 1
0 69 68 43 2 2 2 1
0 69 43 46 2 2 2 1
0 16 47 50 2 2 2 1
0 16 50 17 2 2 2 1
0 72 12 15 7 7 7 1
0 72 15 73 7 7 7 1
0 74 75 76 8 8 8 1
0 74 76 77 8 8 8 1
0 78 79 80 2 2 2 1
0 78 80 81 2 2 2 1
0 79 82 83 2 2 2 1
0 79 83 80 2 2 2 1
0 84 78 81 2 2 2 1
0 84 81 85 2 2 2 1
0 86 87 88 2 2 2 1
0 86 88 89 2 2 2 1
0 90 91 92 2 2 2 1
0 90 92 93 2 2 2 1
0 87 90 93 2 2 2 1
0 87 93 88 2 2 2 1
0 94 86 89 2 2 2 1
0 94 89 95 2 2 2 1
0 96 97 98 2 2 2 1
0 96 98 99 2 2 2 1
0 97 100 101 2 2 2 1
0 97 101 98 2 2 2 1
0 91 96 99 2 2 2 1
0 91 99 92 2 2 2 1
0 100 102 103 2 2 2 1
0 100 103 101 2 2 2 1
0 104 105 106 2 2 2 1
0 104 106 107 2 2 2 1
0 102 104 107 2 2 2 1
0 102 107 103 2 2 2 1
0 105 108 109 2 2 2 1
0 105 109 106 2 2 2 1
0 83 82 95 2 2 2 1
0 83 95 110 2 2 2 1
0 84 85 111 2 2 2 1
0 84 111 109 2 2 2 1
0 112 113 114 1 1 1 1
0 112 114 115 1 1 1 1
0 116 117 118 7 7 7 1
0 116 118 119 7 7 7 1
0 120 112 115 6 6 6 1
0 120 115 121 6 6 6 1
0 122 123 124 8 8 8 1
0 122 124 125 8 8 8 1
0 126 120 121 3 3 3 1
0 126 121 127 3 3 3 1
0 128 129 130 4 4 4 1
0 128 130 131 4 4 4 1
0 113 122 125 7 7 7 1
0 113 125 114 7 7 7 1
0 117 128 131 8 8 8 1
0 117 131 118 8 8 8 1
0 129 132 133 0 0 0 1
0 129 133 130 0 0 0 1
0 132 126 127 5 5 5 1
0 132 127 133 5 5 5 1
0 123 134 135 4 4 4 1
0 123 135 124 4 4 4 1
0 136 137 138 7 7 7 1
0 136 138 139 7 7 7 1
0 140 141 142 0 0 0 1
0 140 142 143 0 0 0 1
0 144 140 143 4 4 4 1
0 144 143 145 4 4 4 1
0 146 136 139 1 1 1 1
0 146 139 147 1 1 1 1
0 137 144 145 8 8 8 1
0 137 145 138 8 8 8 1
0 75 148 149 7 7 7 1
0 75 149 76 7 7 7 1
0 34 150 151 6 6 6 1
0 34 151 35 6 6 6 1
0 152 64 65 6 6 6 1
0 152 65 153 6 6 6 1
0 154 155 156 0 0 0 1
0 154 156 157 0 0 0 1
0 158 66 67 3 3 3 1
0 158 67 159 3 3 3 1
0 30 0 3 5 5 5 1
0 30 3 31 5 5 5 1
0 148 152 153 1 1 1 1
0 148 153 149 1 1 1 1
0 160 33 36 6 6 6 1
0 160 36 161 6 6 6 1
0 162 160 161 3 3 3 1
0 162 161 163 3 3 3 1
0 51 164 165 8 8 8 1
0 51 165 52 8 8 8 1
0 150 166 167 3 3 3 1
0 150 167 151 3 3 3 1
0 61 72 73 8 8 8 1
0 61 73 62 8 8 8 1
0 164 4 7 7 7 7 1
0 164 7 165 7 7 7 1
0 5 29 32 6 6 6 1
0 5 32 6 6 6 6 1
0 155 74 77 4 4 4 1
0 155 77 156 4 4 4 1
0 56 162 163 5 5 5 1
0 56 163 57 5 5 5 1
0 13 158 159 5 5 5 1
0 13 159 14 5 5 5 1
0 166 154 157 5 5 5 1
0 166 157 167 5 5 5 1

Materials: 2
"Tex-Anim"
1.000000 1.000000 1.000000 1.000000
0.800000 0.800000 0.800000 1.000000
0.500000 0.500000 0.500000 1.000000
0.000000 0.000000 0.000000 1.000000
0.128000
1.000000
"textures\Tap Note parts (mipmaps).ini"
""
"Tex-Still"
1.000000 1.000000 1.000000 1.000000
0.800000 0.800000 0.800000 1.000000
0.500000 0.500000 0.500000 1.000000
0.000000 0.000000 0.000000 1.000000
0.128000
1.000000
"textures\Tap Note parts (mipmaps).png"
""

Bones: 0
GroupComments: 0
MaterialComments: 0
BoneComments: 0
ModelComment: 0
