// MilkShape 3D ASCII

Frames: 30
Frame: 1

Meshes: 2
"frameboi" 0 1
79
3 -10.000000 4.000000 0.000000 0.125400 0.472100 -1
3 -6.000000 24.999998 6.000004 0.202600 0.855300 -1
3 -10.000000 29.000000 0.000005 0.125400 0.903200 -1
3 6.000000 24.999998 6.000004 0.202600 0.855300 -1
3 10.000000 29.000000 0.000005 0.125400 0.903200 -1
3 -19.000000 14.000000 0.000002 0.033500 0.417300 -1
3 -19.000000 13.000000 0.000002 0.033500 0.434600 -1
3 -11.000000 6.000000 0.000001 0.045700 0.466200 -1
3 -24.000000 0.999999 7.000000 0.094600 0.472100 -1
3 -25.000000 0.999999 6.000000 0.094600 0.472100 -1
3 0.000000 -23.000002 6.999996 0.094600 0.088900 -1
3 19.000000 6.999999 6.000001 0.094600 0.567900 -1
3 19.000000 5.999999 7.000001 0.094600 0.552000 -1
3 25.000000 0.999999 6.000000 0.094600 0.472100 -1
3 0.000000 -24.000002 5.999996 0.219600 0.072900 -1
3 0.000000 -25.000002 5.999996 0.202600 0.057000 -1
3 26.000000 0.999999 6.000000 0.202600 0.472100 -1
3 -6.000000 -5.000001 5.999999 0.202600 0.376300 -1
3 -19.000000 6.999999 6.000001 0.219600 0.567900 -1
3 -5.500000 -6.500001 5.999999 0.202600 0.368300 -1
3 10.000000 4.000000 0.000000 0.125400 0.472100 -1
3 19.000000 7.999999 6.000001 0.202600 0.583900 -1
3 19.000000 13.000000 0.000002 0.125400 0.631800 -1
3 0.000000 -30.000000 -0.000005 0.125400 0.009100 -1
3 31.000000 1.000000 0.000000 0.125400 0.472100 -1
3 -26.000000 0.999999 6.000000 0.202600 0.472100 -1
3 5.500000 -6.500001 5.999999 0.094600 0.392300 -1
3 5.000000 23.999998 7.000004 0.094600 0.839400 -1
3 5.000000 -8.000001 6.999999 0.094600 0.408300 -1
3 5.500000 24.499998 6.000004 0.219600 0.847300 -1
3 -19.000000 7.999999 6.000001 0.202600 0.583900 -1
3 -19.000000 13.000000 0.000002 0.125400 0.631800 -1
3 -31.000000 1.000000 0.000000 0.125400 0.472100 -1
3 11.000000 30.000000 0.000005 0.079300 0.320000 -1
3 -11.000000 30.000000 -1.999995 0.045700 0.320000 -1
3 -11.000000 30.000000 0.000005 0.045700 0.320000 -1
3 -19.000000 14.000000 -1.999998 0.033500 0.417300 -1
3 11.000000 6.000000 0.000001 0.079300 0.466200 -1
3 11.000000 30.000000 -1.999995 0.079300 0.320000 -1
3 -32.000000 1.000000 0.000000 0.013500 0.497200 -1
3 0.000000 -31.000000 -2.000005 0.062500 0.693100 -1
3 0.000000 -31.000000 -0.000005 0.062500 0.693100 -1
3 19.000000 14.000000 0.000002 0.091500 0.417300 -1
3 11.000000 6.000000 -1.999999 0.079300 0.466200 -1
3 -11.000000 6.000000 -1.999999 0.045700 0.466200 -1
3 32.000000 1.000000 0.000000 0.111500 0.497200 -1
3 19.000000 14.000000 -1.999998 0.091500 0.417300 -1
3 -32.000000 1.000000 -2.000000 0.013500 0.497200 -1
3 32.000000 1.000000 -2.000000 0.111500 0.497200 -1
3 -5.500000 -6.500001 5.999999 0.094600 0.352400 -1
3 -19.000000 5.999999 7.000001 0.094600 0.552000 -1
3 -5.000000 -8.000001 6.999999 0.094600 0.336400 -1
3 19.000000 13.000000 0.000002 0.091500 0.434600 -1
3 -5.000000 23.999998 7.000004 0.094600 0.839400 -1
3 -5.500000 -6.500001 5.999999 0.094600 0.392300 -1
3 -5.000000 -8.000001 6.999999 0.094600 0.408300 -1
3 -6.000000 -5.000001 5.999999 0.202600 0.392300 -1
3 -31.000000 1.000000 0.000000 0.017800 0.497200 -1
3 -10.000000 4.000000 0.000000 0.048800 0.495700 -1
3 -19.000000 6.999999 6.000001 0.094600 0.567900 -1
3 0.000000 -24.000002 5.999996 0.094600 0.072900 -1
3 24.000000 0.999999 7.000000 0.094600 0.472100 -1
3 5.500000 -6.500001 5.999999 0.094600 0.352400 -1
3 5.000000 -8.000001 6.999999 0.094600 0.336400 -1
3 6.000000 -5.000001 5.999999 0.202600 0.392300 -1
3 19.000000 6.999999 6.000001 0.219600 0.567900 -1
3 5.500000 -6.500001 5.999999 0.219600 0.352400 -1
3 -25.000000 0.999999 6.000000 0.219600 0.472100 -1
3 25.000000 0.999999 6.000000 0.219600 0.472100 -1
3 6.000000 -5.000001 5.999999 0.202600 0.376300 -1
3 5.500000 24.499998 6.000004 0.094600 0.847300 -1
3 -5.500000 24.499998 6.000004 0.219600 0.847300 -1
3 -5.500000 -6.500001 5.999999 0.219600 0.400300 -1
3 -10.000000 29.000000 0.000005 0.048800 0.332200 -1
3 0.000000 -30.000000 -0.000005 0.062500 0.675800 -1
3 10.000000 29.000000 0.000005 0.076200 0.332200 -1
3 31.000000 1.000000 0.000000 0.107200 0.497200 -1
3 10.000000 4.000000 0.000000 0.076200 0.495700 -1
3 -5.500000 24.499998 6.000004 0.094600 0.847300 -1
101
-0.104800 0.603400 0.790500
-0.920200 -0.071300 0.384800
-0.699400 0.030300 0.714100
0.165700 0.884000 0.437200
-0.021300 0.851400 0.524100
0.000000 0.832100 0.554700
-0.246400 -0.246400 0.937300
0.000000 -0.000000 1.000000
0.209900 0.019300 0.977500
-0.669800 -0.611000 0.422000
-0.521500 -0.714600 0.466300
-0.577400 -0.577400 0.577400
0.577400 0.577400 0.577400
0.147700 0.239300 0.959600
-0.164500 -0.102600 0.981000
0.054100 0.109700 0.992500
0.310700 0.500200 0.808200
-0.600400 0.708700 0.370400
-0.502400 0.526700 0.685700
0.851400 -0.021300 0.524100
0.104800 0.603400 0.790500
0.832100 -0.000000 0.554700
0.690000 -0.642500 0.333500
0.609200 -0.609200 0.507700
-0.715400 -0.626000 0.310200
-0.609200 -0.609200 0.507700
-0.804500 -0.424800 0.415100
0.894400 -0.000000 0.447200
0.898100 -0.197400 0.393000
-0.029700 -0.029700 0.999100
0.123700 -0.161300 0.979100
0.622600 0.622600 0.474100
-0.310700 0.500200 0.808200
0.609200 0.609200 0.507700
-0.639300 0.590800 0.492300
-0.501400 0.769600 0.395500
-0.453000 0.763800 0.459800
0.486800 0.749100 0.449400
0.769600 0.501400 0.395500
0.720000 0.480800 0.500400
-0.040100 0.964100 -0.262600
0.232000 0.972700 -0.000100
0.095000 0.981800 -0.164500
0.555300 0.827200 -0.086500
0.707100 0.707100 0.000000
0.909200 0.416400 -0.000000
0.977200 0.193900 -0.086800
0.972700 -0.232000 -0.000000
0.964100 -0.262600 -0.040100
-0.707100 -0.707100 0.000000
-0.719200 -0.567000 -0.401700
-0.699900 0.688800 -0.188800
-0.029400 0.029400 0.999100
-0.629600 0.752300 -0.193900
-0.981800 -0.164500 -0.095000
-0.026600 -0.000000 0.999600
-0.977500 0.086500 -0.192300
0.672800 0.727900 -0.132300
0.851900 0.523700 -0.000000
0.827900 0.560900 -0.007900
-0.707100 0.707100 0.000000
0.606800 -0.793900 -0.039000
0.707100 -0.707100 0.000000
0.713600 0.465000 0.524000
-0.121100 0.066000 0.990400
-0.127900 -0.139000 0.982000
-0.894400 -0.000000 0.447200
-0.860200 -0.089300 0.502000
0.131800 0.900500 0.414400
-0.465400 0.713200 0.524200
-0.611100 0.670000 0.421500
-0.715400 0.521100 0.465500
0.577400 -0.577400 0.577400
-0.521500 0.466300 0.714600
-0.577400 0.577400 0.577400
-0.119600 -0.119600 0.985600
0.067100 0.004600 0.997700
0.015800 -0.035100 0.999300
0.178600 -0.134300 0.974700
-0.609200 0.609200 0.507700
0.833400 0.067000 0.548500
0.650900 -0.717400 0.248300
-0.526700 -0.502400 0.685700
0.786100 0.044900 0.616500
-0.098400 0.042800 0.994200
0.701300 0.553800 0.448900
0.000000 0.972700 0.232000
-0.688000 0.725700 0.000000
0.041600 0.999100 0.000000
-0.687800 0.687800 0.232000
-0.972700 0.000100 0.232000
-0.662800 0.662800 -0.348500
0.927100 -0.359100 -0.107600
0.465500 0.521100 0.715400
0.164500 -0.095000 0.981800
-0.207900 0.360100 0.909400
-0.262600 -0.040100 0.964100
0.164200 -0.134800 0.977200
0.000000 0.894400 0.447200
0.034800 0.965400 0.258400
-0.164100 0.930300 0.328100
90
0 0 1 2 0 1 2 1
0 2 3 4 3 4 5 1
0 5 6 7 6 7 8 1
0 8 9 10 9 10 11 1
0 11 12 13 12 12 12 1
0 14 15 16 7 13 14 1
0 17 18 19 15 7 7 1
0 20 21 22 16 17 18 1
0 3 20 4 19 20 21 1
0 16 23 24 22 23 23 1
0 25 23 15 24 25 26 1
0 26 27 28 27 28 27 1
0 3 1 29 29 30 7 1
0 30 0 31 31 32 33 1
0 30 32 25 34 35 36 1
0 16 22 21 37 38 39 1
0 33 34 35 40 41 42 1
0 7 36 5 43 44 45 1
0 37 38 33 46 47 48 1
0 39 40 41 49 49 50 1
0 42 43 37 51 52 53 1
0 35 44 7 54 55 56 1
0 45 46 42 57 58 59 1
0 39 36 47 60 60 60 1
0 45 40 48 61 62 62 1
0 49 50 51 12 63 12 1
0 52 45 42 7 64 65 1
0 53 54 55 66 66 66 1
0 0 56 1 0 67 1 1
0 2 1 3 3 68 4 1
0 5 39 57 6 7 7 1
0 6 58 7 7 7 8 1
0 5 57 6 6 7 7 1
0 8 50 59 69 70 71 1
0 60 13 10 72 72 72 1
0 13 61 10 72 72 72 1
0 8 59 9 69 71 73 1
0 60 10 9 11 11 10 1
0 11 62 12 74 74 74 1
0 12 61 13 12 12 12 1
0 62 63 12 74 74 74 1
0 21 64 65 75 76 7 1
0 64 66 65 76 7 7 1
0 18 30 25 7 77 78 1
0 67 18 25 7 7 78 1
0 16 21 65 14 75 7 1
0 16 65 68 14 7 7 1
0 67 25 15 7 78 13 1
0 16 68 14 14 7 7 1
0 14 67 15 7 7 13 1
0 17 30 18 15 77 7 1
0 20 69 21 16 79 17 1
0 3 64 20 19 80 20 1
0 16 15 23 22 81 23 1
0 25 32 23 24 82 25 1
0 26 70 27 27 83 28 1
0 29 66 64 7 7 76 1
0 1 56 71 30 84 7 1
0 56 72 71 84 7 7 1
0 29 64 3 7 76 29 1
0 1 71 29 30 7 7 1
0 30 17 0 31 85 32 1
0 30 31 32 34 79 35 1
0 16 24 22 37 33 38 1
0 33 38 34 40 86 41 1
0 7 44 36 43 87 44 1
0 37 43 38 46 88 47 1
0 39 47 40 49 49 49 1
0 42 46 43 51 89 52 1
0 35 34 44 54 90 55 1
0 45 48 46 57 44 58 1
0 39 5 36 60 91 60 1
0 45 41 40 61 92 62 1
0 49 59 50 12 93 63 1
0 35 7 73 94 8 7 1
0 7 58 73 8 7 7 1
0 57 39 41 7 7 95 1
0 74 57 41 7 7 95 1
0 33 35 73 96 94 7 1
0 33 73 75 96 7 7 1
0 37 33 75 97 96 7 1
0 76 74 41 7 7 95 1
0 37 75 77 97 7 7 1
0 37 77 52 97 7 7 1
0 76 41 45 7 95 64 1
0 42 37 52 65 97 7 1
0 52 76 45 7 7 64 1
0 53 27 70 98 99 100 1
0 78 54 53 66 66 66 1
0 53 70 78 98 100 98 1
"colourboi" 0 0
10
0 5.000000 23.999998 7.000004 0.549100 0.455000 -1
0 0.000000 23.999998 7.000004 0.552900 0.507200 -1
0 0.000000 -23.000002 6.999996 0.517500 0.998000 -1
0 5.000000 -8.000001 6.999999 0.526000 0.789400 -1
0 24.000000 0.999999 7.000000 0.517500 0.496800 -1
0 19.000000 5.999999 7.000001 0.525100 0.496800 -1
0 -5.000000 -8.000001 6.999999 0.526000 0.789400 -1
0 -19.000000 5.999999 7.000001 0.525100 0.496800 -1
0 -24.000000 0.999999 7.000000 0.517500 0.496800 -1
0 -5.000000 23.999998 7.000004 0.549100 0.455000 -1
1
0.000000 -0.000000 1.000000
8
0 0 1 2 0 0 0 1
0 3 0 2 0 0 0 1
0 3 2 4 0 0 0 1
0 5 3 4 0 0 0 1
0 6 7 8 0 0 0 1
0 6 8 2 0 0 0 1
0 6 2 1 0 0 0 1
0 9 6 1 0 0 0 1

Materials: 2
"colourboi"
0.588235 0.588235 0.588235 1.000000
0.588235 0.588235 0.588235 1.000000
0.898039 0.898039 0.898039 1.000000
0.000000 0.000000 0.000000 1.000000
0.128000
1.000000
"textures\Tap Note parts.ini"
""
"frameboi"
0.588235 0.588235 0.588235 1.000000
0.588235 0.588235 0.588235 1.000000
0.898039 0.898039 0.898039 1.000000
0.000000 0.000000 0.000000 1.000000
0.128000
1.000000
"textures\Tap Note parts.png"
""

Bones: 0
GroupComments: 0
MaterialComments: 0
BoneComments: 0
ModelComment: 0
