// MilkShape 3D ASCII

Frames: 30
Frame: 1

Meshes: 3
"frameboi2" 0 0
65
3 0.000000 -28.000000 0.000000 0.030800 0.675800 -1
3 -29.000000 1.000000 0.000000 0.008400 0.497200 -1
3 -32.000000 1.000000 0.000000 0.006300 0.497200 -1
3 -19.000000 14.000000 0.000000 0.016300 0.417300 -1
3 -19.000000 11.000000 0.000000 0.016300 0.434600 -1
3 -11.000000 6.000000 0.000000 0.022400 0.466200 -1
3 -24.000000 1.000000 7.000000 0.046800 0.472100 -1
3 -25.000000 1.000000 6.000000 0.046800 0.472100 -1
3 0.000000 -23.000000 7.000000 0.046800 0.088900 -1
3 19.000000 7.000000 6.000000 0.046800 0.567900 -1
3 0.000000 -12.000000 6.000000 0.046800 0.264500 -1
3 19.000000 6.000000 7.000000 0.046800 0.552000 -1
3 19.000000 11.000000 0.000000 0.045300 0.434600 -1
3 19.000000 14.000000 0.000000 0.045300 0.417300 -1
3 11.000000 6.000000 0.000000 0.039200 0.466200 -1
3 5.500000 4.500000 6.000000 0.046800 0.528000 -1
3 -5.000000 4.000000 7.000000 0.046800 0.520000 -1
3 5.000000 4.000000 7.000000 0.046800 0.520000 -1
3 5.500000 14.500000 6.000000 0.046800 0.687700 -1
3 5.000000 14.000000 7.000000 0.046800 0.679700 -1
3 5.000000 7.000000 7.000000 0.046800 0.567900 -1
3 -5.500000 6.500000 6.000000 0.046800 0.559900 -1
3 -5.000000 7.000000 7.000000 0.046800 0.567900 -1
3 -5.000000 14.000000 7.000000 0.046800 0.679700 -1
3 -5.000000 24.000000 7.000000 0.046800 0.839400 -1
3 -5.500000 16.500000 6.000000 0.046800 0.719600 -1
3 -5.000000 17.000000 7.000000 0.046800 0.727600 -1
3 5.000000 17.000000 7.000000 0.046800 0.727600 -1
3 5.500000 16.500000 6.000000 0.046800 0.719600 -1
3 0.000000 -9.000000 6.000000 0.046800 0.312400 -1
3 0.000000 -8.000000 7.000000 0.046800 0.328400 -1
3 -5.500000 -3.500000 6.000000 0.046800 0.400300 -1
3 11.000000 30.000000 0.000000 0.039200 0.320000 -1
3 -11.000000 30.000000 -2.000000 0.022400 0.320000 -1
3 -11.000000 30.000000 0.000000 0.022400 0.320000 -1
3 -19.000000 14.000000 -2.000000 0.016300 0.417300 -1
3 11.000000 30.000000 -2.000000 0.039200 0.320000 -1
3 0.000000 -31.000000 -2.000000 0.030800 0.693100 -1
3 0.000000 -31.000000 0.000000 0.030800 0.693100 -1
3 11.000000 6.000000 -2.000000 0.039200 0.466200 -1
3 -11.000000 6.000000 -2.000000 0.022400 0.466200 -1
3 32.000000 1.000000 0.000000 0.055300 0.497200 -1
3 19.000000 14.000000 -2.000000 0.045300 0.417300 -1
3 -32.000000 1.000000 -2.000000 0.006300 0.497200 -1
3 32.000000 1.000000 -2.000000 0.055300 0.497200 -1
3 -9.000000 1.000000 0.000000 0.023900 0.495700 -1
3 -19.000000 6.000000 7.000000 0.046800 0.552000 -1
3 -19.000000 7.000000 6.000000 0.046800 0.567900 -1
3 0.000000 -24.000000 6.000000 0.046800 0.072900 -1
3 25.000000 1.000000 6.000000 0.046800 0.472100 -1
3 24.000000 1.000000 7.000000 0.046800 0.472100 -1
3 0.000000 -13.000000 7.000000 0.046800 0.248600 -1
3 -9.000000 28.000000 0.000000 0.023900 0.332200 -1
3 29.000000 1.000000 0.000000 0.053100 0.497200 -1
3 9.000000 28.000000 0.000000 0.037600 0.332200 -1
3 9.000000 1.000000 0.000000 0.037600 0.495700 -1
3 -5.500000 4.500000 6.000000 0.046800 0.528000 -1
3 5.500000 6.500000 6.000000 0.046800 0.559900 -1
3 -5.500000 14.500000 6.000000 0.046800 0.687700 -1
3 5.000000 24.000000 7.000000 0.046800 0.839400 -1
3 5.500000 24.500000 6.000000 0.046800 0.847300 -1
3 -5.500000 24.500000 6.000000 0.046800 0.847300 -1
3 5.500000 -3.500000 6.000000 0.046800 0.400300 -1
3 5.000000 -3.000000 7.000000 0.046800 0.408300 -1
3 -5.000000 -3.000000 7.000000 0.046800 0.408300 -1
47
0.000000 0.000000 1.000000
-0.577400 -0.577700 0.577000
-0.576900 -0.577700 0.577500
-0.577400 -0.577400 0.577400
-0.593300 0.565800 0.572600
-0.561200 0.499000 0.660300
-0.577500 0.577600 0.577000
0.000000 0.894400 0.447200
0.894400 0.000000 0.447200
-0.894400 0.000000 0.447200
0.000000 -0.894400 0.447200
-0.543700 -0.581800 0.605000
0.000000 1.000000 0.000000
-0.382700 0.923900 0.000000
0.707100 0.707100 0.000000
1.000000 0.000000 0.000000
-0.707100 -0.707100 0.000000
-0.707100 0.707100 0.000000
-1.000000 0.000000 0.000000
0.707100 -0.707100 0.000000
-0.577300 0.577700 0.577000
-0.608400 0.682300 0.405400
-0.704300 0.414900 0.576100
0.571200 -0.571000 0.589600
-0.077300 -0.160700 0.984000
0.577400 -0.577400 0.577400
0.448500 -0.725400 0.522200
-0.576900 0.577500 0.577700
-0.577400 -0.577200 0.577500
0.486700 0.648000 0.585800
0.576100 0.414900 0.704300
0.725300 0.448400 0.522400
0.577700 0.577100 0.577200
0.682200 0.608500 0.405300
0.414800 0.704300 0.576100
0.628000 0.567900 0.532100
0.572600 0.565800 0.593300
-0.532100 0.567900 0.628000
0.030800 0.855200 0.517400
-0.000300 0.894400 0.447300
-0.894500 -0.000400 0.447100
0.000100 0.894300 0.447500
0.894300 -0.000200 0.447400
0.891100 0.164200 0.423200
-0.893200 -0.085900 0.441400
0.605000 -0.581800 0.543700
0.515300 -0.489300 0.703600
74
3 0 1 2 0 0 0 1
3 3 4 5 0 0 0 1
3 6 7 8 1 2 3 1
3 9 10 11 4 5 6 1
3 12 13 14 0 0 0 1
3 15 16 17 7 7 7 1
3 18 19 20 8 8 8 1
3 21 22 23 9 9 9 1
3 24 25 26 9 9 9 1
3 27 25 28 10 10 10 1
3 29 30 31 11 3 3 1
3 32 33 34 12 12 12 1
3 5 35 3 13 14 14 1
3 14 36 32 15 15 15 1
3 2 37 38 16 16 16 1
3 13 39 14 17 17 17 1
3 34 40 5 18 13 13 1
3 41 42 13 14 14 14 1
3 2 35 43 17 17 17 1
3 41 37 44 19 19 19 1
3 3 2 1 0 0 0 1
3 4 45 5 0 0 0 1
3 3 1 4 0 0 0 1
3 6 46 47 20 21 22 1
3 48 49 8 23 24 25 1
3 49 50 8 24 26 25 1
3 6 47 7 20 22 27 1
3 48 8 7 28 3 2 1
3 10 47 46 29 30 31 1
3 11 50 49 32 33 34 1
3 10 46 51 29 31 35 1
3 11 49 9 32 34 36 1
3 10 51 11 5 37 6 1
3 34 5 52 0 0 0 1
3 5 45 52 0 0 0 1
3 0 2 38 0 0 0 1
3 53 0 38 0 0 0 1
3 32 34 52 0 0 0 1
3 32 52 54 0 0 0 1
3 14 32 54 0 0 0 1
3 53 38 41 0 0 0 1
3 14 54 55 0 0 0 1
3 12 53 41 0 0 0 1
3 14 55 12 0 0 0 1
3 12 41 13 0 0 0 1
3 15 56 16 7 38 7 1
3 20 22 21 10 10 10 1
3 57 18 20 8 8 8 1
3 20 21 57 10 10 10 1
3 23 19 18 7 7 7 1
3 58 21 23 9 9 9 1
3 23 18 58 7 7 7 1
3 24 59 60 7 7 39 1
3 61 25 24 40 9 9 1
3 24 60 61 7 39 41 1
3 60 59 27 42 8 8 1
3 27 26 25 10 10 10 1
3 28 60 27 8 42 8 1
3 62 15 63 43 8 8 1
3 15 17 63 8 8 8 1
3 16 56 64 9 44 9 1
3 64 56 31 9 44 9 1
3 29 62 30 45 46 25 1
3 30 64 31 3 3 3 1
3 62 63 30 46 25 25 1
3 32 36 33 12 12 12 1
3 5 40 35 13 13 14 1
3 14 39 36 15 15 15 1
3 2 43 37 16 16 16 1
3 13 42 39 17 17 17 1
3 34 33 40 18 18 13 1
3 41 44 42 14 14 14 1
3 2 3 35 17 17 17 1
3 41 38 37 19 19 19 1
"frameboi" 0 0
63
0 -19.000000 7.000000 6.000000 0.091200 0.344400 -1
0 -26.000000 1.000000 6.000000 0.086100 0.440200 -1
0 -25.000000 1.000000 6.000000 0.091200 0.440200 -1
0 -6.000000 15.000000 6.000000 0.086100 0.216600 -1
0 -6.000000 16.000000 6.000000 0.086100 0.200700 -1
0 -9.000000 28.000000 0.000000 0.065200 0.009100 -1
0 6.000000 25.000000 6.000000 0.086100 0.057000 -1
0 9.000000 28.000000 0.000000 0.065200 0.009100 -1
0 -6.000000 25.000000 6.000000 0.086100 0.057000 -1
0 -5.500000 16.500000 6.000000 0.091200 0.192700 -1
0 -5.500000 24.500000 6.000000 0.091200 0.065000 -1
0 5.500000 16.500000 6.000000 0.091200 0.192700 -1
0 6.000000 16.000000 6.000000 0.086100 0.200700 -1
0 9.000000 1.000000 0.000000 0.065200 0.440200 -1
0 6.000000 -4.000000 6.000000 0.086100 0.520000 -1
0 6.000000 -5.000000 6.000000 0.086100 0.536000 -1
0 5.500000 14.500000 6.000000 0.091200 0.224600 -1
0 -5.500000 14.500000 6.000000 0.091200 0.224600 -1
0 -6.000000 6.000000 6.000000 0.086100 0.360300 -1
0 -5.500000 6.500000 6.000000 0.091200 0.352400 -1
0 -6.000000 5.000000 6.000000 0.086100 0.376300 -1
0 5.500000 4.500000 6.000000 0.091200 0.384300 -1
0 6.000000 5.000000 6.000000 0.086100 0.376300 -1
0 0.000000 -12.000000 6.000000 0.091200 0.647800 -1
0 -6.000000 -5.000000 6.000000 0.086100 0.536000 -1
0 5.500000 -3.500000 6.000000 0.091200 0.512000 -1
0 0.000000 -25.000000 6.000000 0.086100 0.855300 -1
0 0.000000 -24.000000 6.000000 0.091200 0.839400 -1
0 19.000000 8.000000 6.000000 0.086100 0.328400 -1
0 19.000000 11.000000 0.000000 0.065200 0.280500 -1
0 25.000000 1.000000 6.000000 0.091200 0.440200 -1
0 19.000000 7.000000 6.000000 0.091200 0.344400 -1
0 -5.500000 -3.500000 6.000000 0.091200 0.512000 -1
0 -6.000000 -4.000000 6.000000 0.086100 0.520000 -1
0 0.000000 -9.000000 6.000000 0.091200 0.599900 -1
0 6.000000 6.000000 6.000000 0.086100 0.360300 -1
0 5.500000 24.500000 6.000000 0.091200 0.065000 -1
0 5.500000 6.500000 6.000000 0.091200 0.352400 -1
0 26.000000 1.000000 6.000000 0.086100 0.440200 -1
0 0.000000 -28.000000 0.000000 0.065200 0.903200 -1
0 29.000000 1.000000 0.000000 0.065200 0.440200 -1
0 6.000000 15.000000 6.000000 0.086100 0.216600 -1
0 6.000000 16.000000 6.000000 0.084000 0.200700 -1
0 -6.000000 15.000000 6.000000 0.084000 0.216600 -1
0 6.000000 15.000000 6.000000 0.084000 0.216600 -1
0 0.000000 -10.000000 6.000000 0.084000 0.615800 -1
0 6.000000 -5.000000 6.000000 0.084000 0.536000 -1
0 6.000000 -4.000000 6.000000 0.084000 0.520000 -1
0 -9.000000 1.000000 0.000000 0.065200 0.440200 -1
0 -6.000000 5.000000 6.000000 0.084000 0.376300 -1
0 6.000000 6.000000 6.000000 0.084000 0.360300 -1
0 -6.000000 6.000000 6.000000 0.084000 0.360300 -1
0 -19.000000 8.000000 6.000000 0.086100 0.328400 -1
0 -19.000000 11.000000 0.000000 0.065200 0.280500 -1
0 -29.000000 1.000000 0.000000 0.065200 0.440200 -1
0 -5.500000 4.500000 6.000000 0.091200 0.384300 -1
0 0.000000 -11.000000 6.000000 0.086100 0.631800 -1
0 0.000000 -10.000000 6.000000 0.086100 0.615800 -1
0 -6.000000 16.000000 6.000000 0.084000 0.200700 -1
0 -6.000000 -4.000000 6.000000 0.084000 0.520000 -1
0 -6.000000 -5.000000 6.000000 0.084000 0.536000 -1
0 0.000000 -11.000000 6.000000 0.084000 0.631800 -1
0 6.000000 5.000000 6.000000 0.084000 0.376300 -1
68
0.181100 -0.096300 0.978700
0.000400 -0.000500 1.000000
-0.000200 0.000600 1.000000
-0.686600 0.000000 0.727100
-0.525700 0.000000 0.850700
-0.894400 0.000000 0.447200
0.000000 0.894400 0.447200
0.000000 0.894500 0.447100
-0.000100 -0.000200 1.000000
0.000000 0.000000 1.000000
0.000400 -0.000000 1.000000
-0.000100 -0.000000 1.000000
0.525700 0.000000 0.850700
-0.106700 0.375400 0.920700
0.734000 -0.377800 0.564400
0.298000 0.381900 0.874800
-0.527400 0.025500 0.849300
0.072900 0.089000 0.993400
-0.215500 0.346000 0.913200
-0.120200 0.317300 0.940700
-0.123300 -0.110300 0.986200
0.000100 0.000400 1.000000
-0.000200 0.000000 1.000000
-0.660600 0.674300 0.330000
-0.666700 0.666800 0.333000
-0.077300 -0.160700 0.984000
-0.010100 0.001900 0.999900
0.013100 -0.015500 0.999800
0.006900 -0.023600 0.999700
-0.018200 0.039800 0.999000
0.686600 0.000000 0.727100
0.000300 -0.000100 1.000000
0.505500 -0.798900 0.325900
0.667000 -0.666200 0.333600
0.601000 -0.603700 0.523700
-0.028700 0.040000 0.998800
-0.782900 0.026100 0.621600
-0.309600 0.250300 0.917300
0.160900 -0.205000 0.965500
-0.667000 -0.666700 0.332800
-0.666900 -0.666300 0.333700
-0.666900 -0.666500 0.333200
0.798900 0.505500 0.326000
0.603700 0.601100 0.523700
-0.652300 0.744900 0.140500
-0.666900 0.666200 0.333800
-0.666200 0.667100 0.333300
-0.149600 -0.143800 0.978200
-0.213600 -0.211400 0.953800
0.744800 0.652300 0.140400
0.666400 0.666900 0.333400
0.669200 0.660200 0.341000
-0.146600 -0.146800 0.978200
-0.894500 0.000100 0.447100
0.000200 0.894400 0.447300
0.009400 -0.152900 0.988200
0.086000 -0.001400 0.996300
-0.015200 0.038000 0.999200
-0.146800 0.146600 0.978200
0.047200 0.014300 0.998800
0.894400 0.000000 0.447200
0.894400 -0.000100 0.447200
0.666800 -0.666700 0.333000
0.037200 -0.017100 0.999200
-0.666600 -0.667000 0.332700
-0.808200 0.525900 0.265000
0.571200 -0.571000 0.589600
0.525900 0.808200 0.265100
76
0 0 1 2 0 1 2 1
0 3 4 5 3 4 5 1
0 5 6 7 6 7 6 1
0 8 9 10 8 9 10 1
0 6 11 12 11 9 12 1
0 13 14 15 13 14 15 1
0 16 3 17 9 9 9 1
0 17 18 19 9 9 9 1
0 20 21 22 16 9 12 1
0 0 23 24 0 17 18 1
0 9 12 11 9 12 9 1
0 14 21 25 19 9 20 1
0 2 26 27 2 21 22 1
0 13 28 29 13 23 24 1
0 30 28 31 25 26 27 1
0 32 33 34 9 28 29 1
0 35 22 13 30 12 13 1
0 8 36 6 8 31 11 1
0 18 37 19 9 9 9 1
0 38 39 40 32 33 34 1
0 41 37 35 9 9 9 1
0 42 43 44 12 3 30 1
0 45 46 47 35 15 14 1
0 33 48 24 36 37 38 1
0 49 50 51 16 30 3 1
0 1 39 26 39 40 41 1
0 52 48 53 42 37 43 1
0 52 54 1 44 45 46 1
0 38 27 26 47 22 21 1
0 15 23 31 48 17 27 1
0 38 29 28 49 50 51 1
0 0 52 1 0 52 1 1
0 5 48 3 5 37 3 1
0 20 18 48 16 3 37 1
0 48 33 20 37 36 16 1
0 4 8 5 4 53 5 1
0 48 18 3 37 3 3 1
0 5 8 6 6 54 7 1
0 8 4 9 8 4 9 1
0 6 36 11 11 31 9 1
0 16 41 3 9 9 9 1
0 17 3 18 9 9 9 1
0 20 55 21 55 56 9 1
0 56 24 23 57 18 17 1
0 52 0 24 52 0 18 1
0 9 4 12 9 4 12 1
0 14 22 21 19 12 9 1
0 2 1 26 2 1 21 1
0 13 15 28 13 15 23 1
0 30 38 28 25 58 26 1
0 14 25 34 19 20 29 1
0 32 55 20 9 56 55 1
0 57 14 34 59 19 29 1
0 32 20 33 9 55 28 1
0 57 34 33 59 29 28 1
0 13 7 41 13 60 30 1
0 6 12 7 61 12 60 1
0 41 35 13 30 30 13 1
0 22 14 13 12 14 13 1
0 7 12 41 60 12 30 1
0 8 10 36 8 10 31 1
0 18 35 37 9 9 9 1
0 38 26 39 32 62 33 1
0 41 16 37 9 9 9 1
0 42 58 43 12 4 3 1
0 45 59 60 35 36 38 1
0 61 46 45 63 15 35 1
0 45 60 61 35 38 63 1
0 49 62 50 16 12 30 1
0 1 54 39 39 64 40 1
0 52 24 48 42 38 37 1
0 52 53 54 44 65 45 1
0 38 30 27 58 25 66 1
0 31 28 15 27 26 48 1
0 15 56 23 48 57 17 1
0 38 40 29 49 67 50 1
"colourboi" 0 1
27
0 24.000000 1.000000 6.999999 0.756400 0.495100 -1
0 5.000000 -8.000000 6.999999 0.760700 0.789400 -1
0 0.000000 -23.000000 6.999999 0.756400 0.999500 -1
0 19.000000 6.000000 6.999999 0.760700 0.495100 -1
0 0.000000 -13.000000 6.999999 0.760700 0.894500 -1
0 5.000000 -3.000000 6.999999 0.762900 0.736800 -1
0 0.000000 -3.000000 6.999999 0.765100 0.789400 -1
0 0.000000 -8.000000 6.999999 0.762900 0.841900 -1
0 -24.000000 1.000000 6.999999 0.756500 0.495800 -1
0 -5.000000 -8.000000 6.999999 0.760800 0.790100 -1
0 5.000000 4.000000 6.999999 0.765900 0.663300 -1
0 0.000000 4.000000 6.999999 0.768100 0.715800 -1
0 -19.000000 6.000000 6.999999 0.760800 0.495800 -1
0 -5.000000 -3.000000 6.999999 0.762900 0.737500 -1
0 -5.000000 4.000000 6.999999 0.766000 0.664000 -1
0 5.000000 14.000000 6.999999 0.770200 0.558200 -1
0 0.000000 14.000000 6.999999 0.772400 0.610700 -1
0 0.000000 7.000000 6.999999 0.769400 0.684300 -1
0 -5.000000 14.000000 6.999999 0.770300 0.558900 -1
0 0.000000 17.000000 6.999999 0.773700 0.579200 -1
0 5.000000 17.000000 6.999999 0.771500 0.526700 -1
0 5.000000 24.000000 6.999999 0.774600 0.453100 -1
0 -5.000000 24.000000 6.999999 0.774600 0.453800 -1
0 -5.000000 17.000000 6.999999 0.771600 0.527400 -1
0 -5.000000 7.000000 6.999999 0.767300 0.632400 -1
0 0.000000 24.000000 6.999999 0.776700 0.505600 -1
0 5.000000 7.000000 6.999999 0.767200 0.631700 -1
5
0.000900 -0.001900 1.000000
-0.000700 0.001500 1.000000
0.000000 0.000000 1.000000
-0.000900 -0.001900 1.000000
0.000700 0.001500 1.000000
20
0 0 1 2 0 1 2 1
0 1 0 3 1 0 2 1
0 1 4 2 1 2 2 1
0 5 6 7 2 2 2 1
0 8 2 9 3 2 4 1
0 5 10 11 2 2 2 1
0 9 12 8 4 2 3 1
0 9 2 4 4 2 2 1
0 13 7 6 2 2 2 1
0 11 14 13 2 2 2 1
0 11 13 6 2 2 2 1
0 5 11 6 2 2 2 1
0 15 16 17 2 2 2 1
0 17 16 18 2 2 2 1
0 19 20 21 2 2 2 1
0 22 23 19 2 2 2 1
0 17 18 24 2 2 2 1
0 22 19 25 2 2 2 1
0 15 17 26 2 2 2 1
0 19 21 25 2 2 2 1

Materials: 2
"frameboi"
0.588235 0.588235 0.588235 1.000000
0.588235 0.588235 0.588235 1.000000
0.898039 0.898039 0.898039 1.000000
0.000000 0.000000 0.000000 1.000000
0.128000
1.000000
"textures\Tap Note parts.png"
""
"colourboi"
0.200000 0.200000 0.200000 1.000000
0.800000 0.800000 0.800000 1.000000
0.000000 0.000000 0.000000 1.000000
0.000000 0.000000 0.000000 1.000000
0.000000
1.000000
"textures\Tap Note parts.ini"
""

Bones: 0
GroupComments: 0
MaterialComments: 0
BoneComments: 0
ModelComment: 0
