// MilkShape 3D ASCII

Frames: 30
Frame: 1

Meshes: 4
"Fill" 0 0
18
0 -19.000000 7.000000 4.000000 0.046875 -0.062500 -1
0 -25.000000 4.000000 4.000000 0.046875 -0.145833 -1
0 -25.000000 0.000000 4.000000 0.046875 -0.187500 -1
0 -5.000000 -7.000000 4.000000 0.046875 -0.046875 -1
0 0.000000 -25.000000 4.000002 0.015625 -0.203125 -1
0 5.000000 -7.000000 4.000000 0.046875 -0.046875 -1
0 19.000000 7.000000 4.000000 0.046875 -0.062500 -1
0 25.000000 4.000000 4.000000 0.046875 -0.145833 -1
0 22.000000 7.000000 4.000000 0.046875 -0.104167 -1
0 -1.500000 23.000000 3.999998 0.015625 0.281250 -1
0 5.000000 19.500000 3.999999 0.046875 0.281250 -1
0 1.500000 23.000000 3.999998 0.031250 0.281250 -1
0 -5.000000 -7.000000 4.000000 0.031250 -0.062500 -1
0 25.000000 0.000000 4.000000 0.046875 -0.187500 -1
0 5.000000 -7.000000 4.000000 0.031250 -0.062500 -1
0 0.000000 -25.000000 4.000002 0.015625 -0.187500 -1
0 -22.000000 7.000000 4.000000 0.046875 -0.104167 -1
0 -5.000000 19.500000 3.999999 0.046875 0.281250 -1
1
-0.000000 -0.000000 1.000000
13
0 0 1 2 0 0 0 1
0 3 4 5 0 0 0 1
0 6 7 8 0 0 0 1
0 9 10 11 0 0 0 1
0 2 12 0 0 0 0 1
0 13 14 15 0 0 0 1
0 10 3 5 0 0 0 1
0 0 16 1 0 0 0 1
0 6 13 7 0 0 0 1
0 9 17 10 0 0 0 1
0 2 15 12 0 0 0 1
0 13 6 14 0 0 0 1
0 10 17 3 0 0 0 1
"Frame.Black" 0 1
30
0 -22.000000 7.000000 4.000000 0.953125 0.500000 -1
0 -18.500000 8.500000 3.999999 0.953125 0.500000 -1
0 -22.500000 8.500000 3.999999 0.953125 0.500000 -1
0 -26.500000 -0.500000 4.000000 0.953125 0.500000 -1
0 0.000000 -25.000000 4.000002 0.953125 0.500000 -1
0 -25.000000 0.000000 4.000000 0.953125 0.500000 -1
0 -6.500000 -3.500000 4.000000 0.953125 0.500000 -1
0 -19.000000 7.000000 4.000000 0.953125 0.500000 -1
0 -5.000000 -7.000000 4.000000 0.953125 0.500000 -1
0 -5.000000 19.500000 3.999999 0.953125 0.500000 -1
0 -6.500000 20.000000 3.999999 0.953125 0.500000 -1
0 -1.500000 23.000000 3.999998 0.953125 0.500000 -1
0 2.000000 24.500000 3.999998 0.953125 0.500000 -1
0 1.500000 23.000000 3.999998 0.953125 0.500000 -1
0 -26.500000 4.500000 4.000000 0.953125 0.500000 -1
0 -25.000000 4.000000 4.000000 0.953125 0.500000 -1
0 18.500000 8.500000 3.999999 0.953125 0.500000 -1
0 22.000000 7.000000 4.000000 0.953125 0.500000 -1
0 22.500000 8.500000 3.999999 0.953125 0.500000 -1
0 26.500000 -0.500000 4.000000 0.953125 0.500000 -1
0 25.000000 0.000000 4.000000 0.953125 0.500000 -1
0 6.500000 -3.500000 4.000000 0.953125 0.500000 -1
0 19.000000 7.000000 4.000000 0.953125 0.500000 -1
0 5.000000 19.500000 3.999999 0.953125 0.500000 -1
0 6.500000 20.000000 3.999999 0.953125 0.500000 -1
0 26.500000 4.500000 4.000000 0.953125 0.500000 -1
0 25.000000 4.000000 4.000000 0.953125 0.500000 -1
0 0.000000 -27.000000 4.000002 0.953125 0.500000 -1
0 -2.000000 24.500000 3.999998 0.953125 0.500000 -1
0 5.000000 -7.000000 4.000000 0.953125 0.500000 -1
16
-0.000000 -0.000000 1.000000
0.219400 0.570500 0.791400
-0.227200 0.586000 0.777800
-0.586000 -0.227200 0.777800
-0.039200 0.097800 0.994400
-0.586300 0.224600 0.778300
0.187400 0.746800 0.638100
-0.586000 0.227200 0.777800
-0.239500 0.586400 0.773800
0.227200 0.586000 0.777800
0.586000 -0.227200 0.777800
0.032900 0.081100 0.996200
0.585800 0.228600 0.777600
0.586000 0.227200 0.777800
0.421000 -0.785200 0.454100
-0.258500 0.551000 0.793500
30
0 0 1 2 0 1 2 1
0 3 4 5 3 0 0 1
0 6 7 8 4 0 0 1
0 6 9 10 4 0 5 1
0 11 10 9 0 5 0 1
0 12 11 13 6 0 0 1
0 5 14 3 0 7 3 1
0 15 2 14 0 2 7 1
0 16 17 18 8 0 9 1
0 4 19 20 0 10 0 1
0 21 22 16 11 0 8 1
0 23 21 24 0 11 12 1
0 24 13 23 12 0 0 1
0 25 20 19 13 0 10 1
0 18 26 25 9 0 13 1
0 0 7 1 0 0 1 1
0 3 27 4 3 14 0 1
0 6 1 7 4 1 0 1
0 6 8 9 4 0 0 1
0 11 28 10 0 15 5 1
0 12 28 11 6 15 0 1
0 5 15 14 0 0 7 1
0 15 0 2 0 0 2 1
0 16 22 17 8 0 0 1
0 4 27 19 0 14 10 1
0 21 29 22 11 0 0 1
0 23 29 21 0 0 11 1
0 24 12 13 12 6 0 1
0 25 26 20 13 0 0 1
0 18 17 26 9 0 0 1
"Frame.Chrome" 0 2
52
1 -17.500000 10.000000 -0.000001 0.601562 0.000000 -1
1 -10.000000 5.000000 -0.000000 0.898438 0.500000 -1
1 -17.000000 12.000000 -0.000001 0.898438 0.000000 -1
1 -30.000000 6.000000 -0.000000 0.898438 0.333333 -1
1 -28.000000 -1.500000 0.000000 0.601562 0.000000 -1
1 -28.000000 5.500000 -0.000000 0.601562 0.333333 -1
1 -8.000000 21.000000 -0.000002 0.601562 1.000000 -1
1 -10.000000 5.000000 -0.000000 0.898438 0.000000 -1
1 -8.000000 0.500000 -0.000000 0.601562 0.000000 -1
1 -30.000000 -2.000000 0.000000 0.898438 1.000000 -1
1 0.000000 -29.500000 0.000002 0.601562 0.000000 -1
1 -28.000000 -1.500000 0.000000 0.601562 1.000000 -1
1 -10.000000 21.500000 -0.000002 0.898438 0.000000 -1
1 -2.500000 26.500000 -0.000002 0.601562 1.000000 -1
1 -3.000000 28.500000 -0.000002 0.898438 1.000000 -1
1 -2.500000 26.500000 -0.000002 0.601562 0.000000 -1
1 3.000000 28.500000 -0.000002 0.898438 1.000000 -1
1 -3.000000 28.500000 -0.000002 0.898438 0.000000 -1
1 -17.000000 12.000000 -0.000001 0.898438 1.000000 -1
1 -23.500000 10.000000 -0.000001 0.601562 0.666667 -1
1 -17.500000 10.000000 -0.000001 0.601562 1.000000 -1
1 -24.000000 12.000000 -0.000001 0.898438 0.666667 -1
1 10.000000 5.000000 -0.000000 0.898438 0.500000 -1
1 17.500000 10.000000 -0.000001 0.601562 1.000000 -1
1 17.000000 12.000000 -0.000001 0.898438 1.000000 -1
1 28.000000 -1.500000 0.000000 0.601562 1.000000 -1
1 30.000000 6.000000 -0.000000 0.898438 0.671875 -1
1 28.000000 5.500000 -0.000000 0.601562 0.671875 -1
1 10.000000 5.000000 -0.000000 0.898438 1.000000 -1
1 8.000000 21.000000 -0.000002 0.601562 0.000000 -1
1 8.000000 0.500000 -0.000000 0.601562 1.000000 -1
1 0.000000 -29.500000 0.000002 0.601562 1.000000 -1
1 30.000000 -2.000000 0.000000 0.898438 0.000000 -1
1 28.000000 -1.500000 0.000000 0.601562 0.000000 -1
1 2.500000 26.500000 -0.000002 0.601562 0.000000 -1
1 10.000000 21.500000 -0.000002 0.898438 1.000000 -1
1 3.000000 28.500000 -0.000002 0.898438 0.000000 -1
1 23.500000 10.000000 -0.000001 0.601562 0.328125 -1
1 17.000000 12.000000 -0.000001 0.898438 0.000000 -1
1 17.500000 10.000000 -0.000001 0.601562 0.000000 -1
1 24.000000 12.000000 -0.000001 0.898438 0.328125 -1
1 -8.000000 0.500000 -0.000000 0.601562 0.500000 -1
1 -30.000000 -2.000000 0.000000 0.898438 0.000000 -1
1 -10.000000 21.500000 -0.000002 0.898438 1.000000 -1
1 0.000000 -32.000000 0.000002 0.898438 0.000000 -1
1 -8.000000 21.000000 -0.000002 0.601562 0.000000 -1
1 2.500000 26.500000 -0.000002 0.601562 1.000000 -1
1 8.000000 0.500000 -0.000000 0.601562 0.500000 -1
1 30.000000 -2.000000 0.000000 0.898438 1.000000 -1
1 10.000000 21.500000 -0.000002 0.898438 0.000000 -1
1 0.000000 -32.000000 0.000002 0.898438 1.000000 -1
1 8.000000 21.000000 -0.000002 0.601562 1.000000 -1
20
0.181900 0.394300 0.900800
-0.065600 -0.026600 0.997500
-0.000000 -0.000000 1.000000
-0.399500 -0.173500 0.900200
-0.399500 0.173500 0.900200
-0.400300 0.169100 0.900600
-0.241700 0.487300 0.839100
-0.000000 -0.514300 0.857600
-0.045400 0.012400 0.998900
-0.154100 0.389400 0.908100
-0.173500 0.399500 0.900200
-0.065600 0.026600 0.997500
-0.163900 0.407800 0.898200
0.399500 -0.173500 0.900200
0.399500 0.173500 0.900200
0.394300 0.172400 0.902600
0.245600 0.507000 0.826200
0.317800 0.413300 0.853300
-0.045400 -0.012400 0.998900
0.173500 0.399500 0.900200
30
0 0 1 2 0 1 2 1
0 3 4 5 2 3 4 1
0 6 7 8 5 1 6 1
0 9 10 11 2 7 3 1
0 12 13 14 8 9 2 1
0 15 16 17 9 2 2 1
0 18 19 20 2 10 0 1
0 21 5 19 2 4 10 1
0 22 23 24 11 12 2 1
0 25 26 27 13 2 14 1
0 28 29 30 11 15 16 1
0 31 32 33 7 2 13 1
0 34 35 36 17 18 2 1
0 37 38 39 19 2 12 1
0 27 40 37 14 2 19 1
0 0 41 1 0 6 1 1
0 3 42 4 2 2 3 1
0 6 43 7 5 8 1 1
0 9 44 10 2 2 7 1
0 12 45 13 8 5 9 1
0 15 46 16 9 17 2 1
0 18 21 19 2 2 10 1
0 21 3 5 2 2 4 1
0 22 47 23 11 16 12 1
0 25 48 26 13 2 2 1
0 28 49 29 11 18 15 1
0 31 50 32 7 2 2 1
0 34 51 35 17 15 18 1
0 37 40 38 19 2 2 1
0 27 26 40 14 2 2 1
"Frame.Vibrant" 0 3
34
0 -8.000000 0.500000 -0.000000 0.019296 0.399729 -1
0 -18.500000 8.500000 3.999999 0.021977 0.106634 -1
0 -6.500000 -3.500000 4.000000 0.021977 0.486865 -1
0 -28.000000 -1.500000 0.000000 0.042887 0.114556 -1
0 -26.500000 4.500000 4.000000 0.034308 0.035341 -1
0 -28.000000 5.500000 -0.000000 0.035381 0.003655 -1
0 -2.000000 24.500000 3.999998 0.027344 0.584245 -1
0 -8.000000 21.000000 -0.000002 0.015625 0.700911 -1
0 -6.500000 20.000000 3.999999 0.018555 0.734245 -1
0 -8.000000 0.500000 -0.000000 0.015625 1.384245 -1
0 2.500000 26.500000 -0.000002 0.036133 0.517578 -1
0 2.000000 24.500000 3.999998 0.035156 0.584245 -1
0 0.000000 -27.000000 4.000002 0.040206 0.962154 -1
0 -26.500000 -0.500000 4.000000 0.040206 0.122477 -1
0 -23.500000 10.000000 -0.000001 0.025730 0.003655 -1
0 -17.500000 10.000000 -0.000001 0.019296 0.098713 -1
0 -22.500000 8.500000 3.999999 0.026802 0.035341 -1
0 18.500000 8.500000 3.999999 0.021977 0.106635 -1
0 8.000000 0.500000 -0.000000 0.019296 0.399729 -1
0 6.500000 -3.500000 4.000000 0.021977 0.486865 -1
0 26.500000 4.500000 4.000000 0.034308 0.035341 -1
0 28.000000 -1.500000 0.000000 0.042887 0.114556 -1
0 28.000000 5.500000 -0.000000 0.035381 0.003655 -1
0 8.000000 21.000000 -0.000002 0.046875 0.700911 -1
0 6.500000 20.000000 3.999999 0.043945 0.734245 -1
0 8.000000 0.500000 -0.000000 0.046875 1.384245 -1
0 26.500000 -0.500000 4.000000 0.040206 0.122477 -1
0 23.500000 10.000000 -0.000001 0.025730 0.003655 -1
0 17.500000 10.000000 -0.000001 0.019296 0.098713 -1
0 -2.500000 26.500000 -0.000002 0.026367 0.517578 -1
0 -6.500000 -3.500000 4.000000 0.018555 1.517578 -1
0 0.000000 -29.500000 0.000002 0.042887 1.001761 -1
0 6.500000 -3.500000 4.000000 0.043945 1.517578 -1
0 22.500000 8.500000 3.999999 0.026802 0.035341 -1
30
-0.241700 0.487300 0.839100
0.219400 0.570500 0.791400
-0.039200 0.097800 0.994400
-0.399500 -0.173500 0.900200
-0.586000 0.227200 0.777800
-0.399500 0.173500 0.900200
-0.258500 0.551000 0.793500
-0.400300 0.169100 0.900600
-0.586300 0.224600 0.778300
0.317800 0.413300 0.853300
0.187400 0.746800 0.638100
0.421000 -0.785200 0.454100
-0.586000 -0.227200 0.777800
-0.173500 0.399500 0.900200
0.181900 0.394300 0.900800
-0.227200 0.586000 0.777800
-0.239500 0.586400 0.773800
0.245600 0.507000 0.826200
0.032900 0.081100 0.996200
0.586000 0.227200 0.777800
0.399500 -0.173500 0.900200
0.399500 0.173500 0.900200
0.394300 0.172400 0.902600
0.585800 0.228600 0.777600
0.586000 -0.227200 0.777800
0.173500 0.399500 0.900200
-0.163900 0.407800 0.898200
-0.154100 0.389400 0.908100
-0.000000 -0.514300 0.857600
0.227200 0.586000 0.777800
30
0 0 1 2 0 1 2 1
0 3 4 5 3 4 5 1
0 6 7 8 6 7 8 1
0 9 8 7 0 8 7 1
0 10 6 11 9 6 10 1
0 3 12 13 3 11 12 1
0 14 1 15 13 1 14 1
0 14 4 16 13 4 15 1
0 17 18 19 16 17 18 1
0 20 21 22 19 20 21 1
0 23 11 24 22 10 23 1
0 24 25 23 23 17 22 1
0 12 21 26 11 20 24 1
0 17 27 28 16 25 26 1
0 27 20 22 25 19 21 1
0 0 15 1 0 14 1 1
0 3 13 4 3 12 4 1
0 6 29 7 6 27 7 1
0 9 30 8 0 2 8 1
0 10 29 6 9 27 6 1
0 3 31 12 3 28 11 1
0 14 16 1 13 15 1 1
0 14 5 4 13 5 4 1
0 17 28 18 16 26 17 1
0 20 26 21 19 24 20 1
0 23 10 11 22 9 10 1
0 24 32 25 23 18 17 1
0 12 31 21 11 28 20 1
0 17 33 27 16 29 25 1
0 27 33 20 25 29 19 1

Materials: 4
"Fill"
1.000000 1.000000 1.000000 1.000000
0.800000 0.800000 0.800000 1.000000
0.500000 0.500000 0.500000 1.000000
0.000000 0.000000 0.000000 1.000000
0.128000
1.000000
"textures/Fill.ini"
""
"Frame.Black"
1.000000 1.000000 1.000000 1.000000
0.800000 0.800000 0.800000 1.000000
0.500000 0.500000 0.500000 1.000000
0.000000 0.000000 0.000000 1.000000
0.128000
1.000000
"textures/FrameBlack.png"
""
"Frame.Chrome"
1.000000 1.000000 1.000000 1.000000
0.800000 0.800000 0.800000 1.000000
0.500000 0.500000 0.500000 1.000000
0.000000 0.000000 0.000000 1.000000
0.128000
1.000000
"textures/FrameChrome.ini"
""
"Frame.Vibrant"
1.000000 1.000000 1.000000 1.000000
0.800000 0.800000 0.800000 1.000000
0.500000 0.500000 0.500000 1.000000
0.000000 0.000000 0.000000 1.000000
0.128000
1.000000
"textures/FrameVibrant.ini"
""

Bones: 0
GroupComments: 0
MaterialComments: 0
BoneComments: 0
ModelComment: 0
