// MilkShape 3D ASCII

Frames: 30
Frame: 1

Meshes: 2
"Arrow" 0 0
48
0 1.500000 21.000000 0.000000 0.720654 0.051651 -1
0 1.500000 28.000000 0.000000 0.680762 0.051651 -1
0 -1.500000 28.000000 0.000000 0.680762 0.051651 -1
0 -1.500000 21.000000 0.000000 0.720654 0.051651 -1
0 -8.000000 21.500000 0.000000 0.717805 0.051651 -1
0 -4.000000 18.500000 0.000000 0.734902 0.051651 -1
0 -1.500000 4.000000 0.000000 0.817537 0.051651 -1
0 0.000000 5.000000 0.000000 0.811838 0.051651 -1
0 -4.000000 9.000000 0.000000 0.789042 0.051651 -1
0 -4.000000 6.500000 0.000000 0.803289 0.051651 -1
0 1.500000 4.000000 0.000000 0.817537 0.051651 -1
0 4.000000 6.500000 0.000000 0.803290 0.051651 -1
0 4.000000 9.000000 0.000000 0.789042 0.051651 -1
0 4.000000 18.500000 0.000000 0.734902 0.051651 -1
0 8.000000 21.500000 0.000000 0.717805 0.051651 -1
0 4.000000 -5.000000 0.000000 0.868828 0.051651 -1
0 19.500000 5.000000 0.000000 0.811838 0.051651 -1
0 18.500000 10.000000 0.000000 0.783343 0.051651 -1
0 10.000000 0.000000 0.000000 0.840333 0.051651 -1
0 8.500000 -6.000000 0.000000 0.874527 0.051651 -1
0 5.500000 -6.000000 0.000000 0.874527 0.051651 -1
0 0.000000 -9.000000 0.000000 0.891624 0.051651 -1
0 1.500000 -10.000000 0.000000 0.897323 0.051651 -1
0 -1.500000 -10.000000 0.000000 0.897323 0.051651 -1
0 -4.000000 -5.000000 0.000000 0.868828 0.051651 -1
0 -5.500000 -6.000000 0.000000 0.874527 0.051651 -1
0 -10.000000 0.000000 0.000000 0.840333 0.051651 -1
0 -8.500000 -6.000000 0.000000 0.874527 0.051651 -1
0 -18.500000 10.000000 0.000000 0.783343 0.051651 -1
0 -19.500000 5.000000 0.000000 0.811838 0.051651 -1
0 -23.500000 10.000000 0.000000 0.783343 0.051651 -1
0 -22.000000 5.000000 0.000000 0.811838 0.051651 -1
0 -28.000000 5.500000 0.000000 0.808989 0.051651 -1
0 -23.000000 4.000000 0.000000 0.817537 0.051651 -1
0 -23.000000 1.500000 0.000000 0.831784 0.051651 -1
0 -28.000000 0.500000 0.000000 0.837483 0.051651 -1
0 0.000000 -27.500000 0.000000 0.995966 0.051651 -1
0 0.000000 -21.500000 0.000000 0.962862 0.051651 -1
0 28.000000 0.500000 0.000000 0.837484 0.051651 -1
0 23.000000 1.500000 0.000000 0.831785 0.051651 -1
0 28.000000 5.500000 0.000000 0.808989 0.051651 -1
0 23.000000 4.000000 0.000000 0.817537 0.051651 -1
0 23.500000 10.000000 0.000000 0.783343 0.051651 -1
0 22.000000 5.000000 0.000000 0.811838 0.051651 -1
0 8.000000 0.000000 0.000000 0.840333 0.051651 -1
0 -8.000000 0.000000 0.000000 0.840333 0.051651 -1
0 -10.000000 1.500000 0.000000 0.831784 0.051651 -1
0 10.000000 1.500000 0.000000 0.831785 0.051651 -1
1
0.000000 0.000000 1.000000
49
0 0 1 2 0 0 0 1
0 2 3 0 0 0 0 1
0 3 2 4 0 0 0 1
0 3 4 5 0 0 0 1
0 6 7 8 0 0 0 1
0 8 9 6 0 0 0 1
0 10 7 7 0 0 0 1
0 6 10 7 0 0 0 1
0 11 12 7 0 0 0 1
0 10 11 7 0 0 0 1
0 13 14 1 0 0 0 1
0 13 1 0 0 0 0 1
0 14 13 15 0 0 0 1
0 16 17 18 0 0 0 1
0 19 16 18 0 0 0 1
0 20 19 18 0 0 0 1
0 15 20 18 0 0 0 1
0 21 22 20 0 0 0 1
0 15 21 20 0 0 0 1
0 23 22 21 0 0 0 1
0 24 25 23 0 0 0 1
0 24 23 21 0 0 0 1
0 26 25 24 0 0 0 1
0 26 27 25 0 0 0 1
0 28 29 27 0 0 0 1
0 27 26 28 0 0 0 1
0 28 30 29 0 0 0 1
0 30 31 29 0 0 0 1
0 32 33 31 0 0 0 1
0 31 30 32 0 0 0 1
0 32 34 33 0 0 0 1
0 32 35 34 0 0 0 1
0 36 37 34 0 0 0 1
0 34 35 36 0 0 0 1
0 36 38 39 0 0 0 1
0 36 39 37 0 0 0 1
0 38 40 39 0 0 0 1
0 40 41 39 0 0 0 1
0 42 43 41 0 0 0 1
0 42 41 40 0 0 0 1
0 16 43 42 0 0 0 1
0 16 42 17 0 0 0 1
0 15 18 44 0 0 0 1
0 14 15 44 0 0 0 1
0 26 24 45 0 0 0 1
0 45 24 5 0 0 0 1
0 5 4 45 0 0 0 1
0 26 46 28 0 0 0 1
0 17 47 18 0 0 0 1
"Frame" 0 0
63
0 1.500000 28.000000 0.000000 0.171550 0.013283 -1
0 2.000000 30.000000 0.000000 0.173381 0.011330 -1
0 -2.000000 30.000000 0.000000 0.158733 0.011330 -1
0 -1.500000 28.000000 0.000000 0.160564 0.013283 -1
0 8.000000 21.500000 0.000000 0.195354 0.019631 -1
0 10.000000 22.000000 0.000000 0.202678 0.019142 -1
0 10.000000 0.000000 0.000000 0.202678 0.040627 -1
0 18.500000 10.000000 0.000000 0.233806 0.030861 -1
0 18.000000 12.000000 0.000000 0.231975 0.028908 -1
0 10.000000 4.000000 0.000000 0.202678 0.036720 -1
0 23.500000 10.000000 0.000000 0.252117 0.030861 -1
0 24.000000 12.000000 0.000000 0.253948 0.028908 -1
0 -18.500000 10.000000 0.000000 0.098308 0.030861 -1
0 -10.000000 4.000000 0.000000 0.129436 0.036720 -1
0 -18.000000 12.000000 0.000000 0.100139 0.028908 -1
0 -10.000000 0.000000 0.000000 0.129436 0.040627 -1
0 -8.000000 21.500000 0.000000 0.136760 0.019631 -1
0 -10.000000 22.000000 0.000000 0.129436 0.019142 -1
0 28.000000 5.500000 0.000000 0.268596 0.035256 -1
0 30.000000 6.000000 0.000000 0.275920 0.034767 -1
0 30.000000 0.000000 0.000000 0.275920 0.040627 -1
0 28.000000 0.500000 0.000000 0.268596 0.040138 -1
0 0.000000 -27.500000 0.000000 0.166057 0.067482 -1
0 0.000000 -30.000000 0.000000 0.166057 0.069924 -1
0 -28.000000 0.500000 0.000000 0.063518 0.040138 -1
0 -30.000000 0.000000 0.000000 0.056194 0.040627 -1
0 -28.000000 5.500000 0.000000 0.063518 0.035256 -1
0 -30.000000 6.000000 0.000000 0.056194 0.034767 -1
0 -23.500000 10.000000 0.000000 0.079998 0.030861 -1
0 -24.000000 12.000000 0.000000 0.078167 0.028908 -1
0 8.000000 0.000000 0.000000 0.195354 0.040627 -1
0 -8.000000 0.000000 0.000000 0.136760 0.040627 -1
0 -10.000000 1.500000 0.000000 0.129436 0.039162 -1
0 10.000000 1.500000 0.000000 0.202678 0.039162 -1
0 1.500000 21.000000 -0.000000 0.550000 0.000000 -1
0 -1.500000 21.000000 -0.000000 0.550000 0.000000 -1
0 -4.000000 18.500000 -0.000000 0.550000 0.000000 -1
0 4.000000 18.500000 -0.000000 0.550000 0.000000 -1
0 -4.000000 9.000000 0.000000 0.550000 0.000000 -1
0 4.000000 9.000000 0.000000 0.550000 0.000000 -1
0 0.000000 5.000000 0.000000 0.550000 0.000000 -1
0 1.500000 4.000000 -0.000000 0.456250 0.000000 -1
0 4.000000 -5.000000 0.000000 0.456250 0.000000 -1
0 4.000000 6.500000 -0.000000 0.456250 0.000000 -1
0 0.000000 -9.000000 0.000000 0.456250 0.000000 -1
0 -1.500000 4.000000 -0.000000 0.456250 0.000000 -1
0 -4.000000 6.500000 -0.000000 0.456250 0.000000 -1
0 -4.000000 -5.000000 0.000000 0.456250 0.000000 -1
0 -1.500000 -10.000000 -0.000000 0.397158 0.000000 -1
0 0.000000 -21.500000 -0.000000 0.397286 0.000000 -1
0 1.500000 -10.000000 -0.000000 0.397414 0.000000 -1
0 8.500000 -6.000000 -0.000000 0.398014 0.000000 -1
0 -8.500000 -6.000000 -0.000000 0.396558 0.000000 -1
0 23.000000 4.000000 -0.000000 0.399255 0.000000 -1
0 22.000000 5.000000 -0.000000 0.399170 0.000000 -1
0 19.500000 5.000000 -0.000000 0.398956 0.000000 -1
0 23.000000 1.500000 -0.000000 0.399255 0.000000 -1
0 -19.500000 5.000000 -0.000000 0.395616 0.000000 -1
0 -22.000000 5.000000 -0.000000 0.395402 0.000000 -1
0 -23.000000 4.000000 -0.000000 0.395316 0.000000 -1
0 -23.000000 1.500000 -0.000000 0.395316 0.000000 -1
0 5.500000 -6.000000 0.000000 0.397757 0.000000 -1
0 -5.500000 -6.000000 0.000000 0.396815 0.000000 -1
1
0.000000 0.000000 1.000000
53
0 0 1 2 0 0 0 1
0 3 0 2 0 0 0 1
0 4 5 1 0 0 0 1
0 1 0 4 0 0 0 1
0 5 4 6 0 0 0 1
0 7 8 9 0 0 0 1
0 10 11 8 0 0 0 1
0 8 7 10 0 0 0 1
0 12 13 14 0 0 0 1
0 15 16 17 0 0 0 1
0 16 3 2 0 0 0 1
0 16 2 17 0 0 0 1
0 18 19 11 0 0 0 1
0 11 10 18 0 0 0 1
0 20 19 18 0 0 0 1
0 18 21 20 0 0 0 1
0 22 23 20 0 0 0 1
0 20 21 22 0 0 0 1
0 22 24 25 0 0 0 1
0 25 23 22 0 0 0 1
0 26 27 25 0 0 0 1
0 25 24 26 0 0 0 1
0 28 29 27 0 0 0 1
0 27 26 28 0 0 0 1
0 12 14 29 0 0 0 1
0 29 28 12 0 0 0 1
0 4 30 6 0 0 0 1
0 15 31 16 0 0 0 1
0 32 13 12 0 0 0 1
0 7 9 33 0 0 0 1
0 34 35 36 0 0 0 1
0 36 37 34 0 0 0 1
0 38 39 37 0 0 0 1
0 38 37 36 0 0 0 1
0 38 40 39 0 0 0 1
0 41 42 43 0 0 0 1
0 44 42 41 0 0 0 1
0 44 41 45 0 0 0 1
0 44 45 46 0 0 0 1
0 46 47 44 0 0 0 1
0 48 49 50 0 0 0 1
0 49 51 50 0 0 0 1
0 49 48 52 0 0 0 1
0 53 54 55 0 0 0 1
0 55 56 53 0 0 0 1
0 57 58 59 0 0 0 1
0 57 59 60 0 0 0 1
0 49 52 57 0 0 0 1
0 57 60 49 0 0 0 1
0 55 51 49 0 0 0 1
0 49 56 55 0 0 0 1
0 50 51 61 0 0 0 1
0 48 62 52 0 0 0 1
