// MilkShape 3D ASCII

Frames: 30
Frame: 1

Meshes: 2
"frameboi" 0 1
128
3 -19.000000 6.999999 6.000001 0.219600 0.567900 -1
3 -26.000000 0.999999 6.000000 0.202600 0.472100 -1
3 -25.000000 0.999999 6.000000 0.219600 0.472100 -1
3 0.000000 -30.000000 -0.000005 0.062500 0.675800 -1
3 -31.000000 1.000000 0.000000 0.017800 0.497200 -1
3 -32.000000 1.000000 0.000000 0.013500 0.497200 -1
3 -6.000000 14.999999 6.000002 0.202600 0.695700 -1
3 -6.000000 15.999999 6.000002 0.202600 0.711600 -1
3 -10.000000 29.000000 0.000005 0.125400 0.903200 -1
3 6.000000 24.999998 6.000004 0.202600 0.855300 -1
3 10.000000 29.000000 0.000005 0.125400 0.903200 -1
3 -19.000000 14.000000 0.000002 0.033500 0.417300 -1
3 -19.000000 13.000000 0.000002 0.033500 0.434600 -1
3 -11.000000 6.000000 0.000001 0.045700 0.466200 -1
3 -24.000000 0.999999 7.000000 0.094600 0.472100 -1
3 -25.000000 0.999999 6.000000 0.094600 0.472100 -1
3 0.000000 -23.000002 6.999996 0.094600 0.088900 -1
3 -6.000000 24.999998 6.000004 0.202600 0.855300 -1
3 -5.500000 16.499998 6.000003 0.219600 0.719600 -1
3 -5.500000 24.499998 6.000004 0.219600 0.847300 -1
3 5.500000 16.499998 6.000003 0.219600 0.719600 -1
3 6.000000 15.999999 6.000002 0.202600 0.711600 -1
3 19.000000 6.999999 6.000001 0.094600 0.567900 -1
3 0.000000 -12.000001 5.999998 0.094600 0.264500 -1
3 19.000000 5.999999 7.000001 0.094600 0.552000 -1
3 10.000000 4.000000 0.000000 0.125400 0.472100 -1
3 6.000000 -4.000001 6.000000 0.202600 0.392300 -1
3 6.000000 -5.000001 5.999999 0.202600 0.376300 -1
3 5.500000 14.499999 6.000002 0.219600 0.687700 -1
3 -5.500000 14.499999 6.000002 0.219600 0.687700 -1
3 -6.000000 5.999999 6.000001 0.202600 0.552000 -1
3 -5.500000 6.499999 6.000001 0.219600 0.559900 -1
3 -6.000000 4.999999 6.000001 0.202600 0.536000 -1
3 5.500000 4.499999 6.000001 0.219600 0.528000 -1
3 6.000000 4.999999 6.000001 0.202600 0.536000 -1
3 0.000000 -12.000001 5.999998 0.219600 0.264500 -1
3 -6.000000 -5.000001 5.999999 0.202600 0.376300 -1
3 5.500000 -3.500001 6.000000 0.219600 0.400300 -1
3 0.000000 -25.000002 5.999996 0.202600 0.057000 -1
3 0.000000 -24.000002 5.999996 0.219600 0.072900 -1
3 19.000000 7.999999 6.000001 0.202600 0.583900 -1
3 19.000000 13.000000 0.000002 0.125400 0.631800 -1
3 25.000000 0.999999 6.000000 0.219600 0.472100 -1
3 19.000000 6.999999 6.000001 0.219600 0.567900 -1
3 -5.500000 -3.500001 6.000000 0.219600 0.400300 -1
3 -6.000000 -4.000001 6.000000 0.202600 0.392300 -1
3 0.000000 -9.000001 5.999999 0.219600 0.312400 -1
3 6.000000 5.999999 6.000001 0.202600 0.552000 -1
3 19.000000 13.000000 0.000002 0.091500 0.434600 -1
3 19.000000 14.000000 0.000002 0.091500 0.417300 -1
3 11.000000 6.000000 0.000001 0.079300 0.466200 -1
3 5.500000 24.499998 6.000004 0.219600 0.847300 -1
3 5.500000 6.499999 6.000001 0.219600 0.559900 -1
3 26.000000 0.999999 6.000000 0.202600 0.472100 -1
3 0.000000 -30.000000 -0.000005 0.125400 0.009100 -1
3 31.000000 1.000000 0.000000 0.125400 0.472100 -1
3 6.000000 14.999999 6.000002 0.202600 0.695700 -1
3 6.000000 15.999999 6.000002 0.195600 0.711600 -1
3 -6.000000 14.999999 6.000002 0.195600 0.695700 -1
3 6.000000 14.999999 6.000002 0.195600 0.695700 -1
3 0.000000 -10.000001 5.999999 0.195600 0.296500 -1
3 6.000000 -5.000001 5.999999 0.195600 0.376300 -1
3 6.000000 -4.000001 6.000000 0.195600 0.392300 -1
3 -10.000000 4.000000 0.000000 0.125400 0.472100 -1
3 -6.000000 4.999999 6.000001 0.195600 0.536000 -1
3 6.000000 5.999999 6.000001 0.195600 0.552000 -1
3 -6.000000 5.999999 6.000001 0.195600 0.552000 -1
3 5.500000 4.499999 6.000001 0.094600 0.528000 -1
3 -5.000000 3.999999 7.000000 0.094600 0.520000 -1
3 5.000000 3.999999 7.000000 0.094600 0.520000 -1
3 5.500000 14.499999 6.000002 0.094600 0.687700 -1
3 5.000000 13.999999 7.000002 0.094600 0.679700 -1
3 5.000000 6.999999 7.000001 0.094600 0.567900 -1
3 -5.500000 6.499999 6.000001 0.094600 0.559900 -1
3 -5.000000 6.999999 7.000001 0.094600 0.567900 -1
3 -5.000000 13.999999 7.000002 0.094600 0.679700 -1
3 -5.000000 23.999998 7.000004 0.094600 0.839400 -1
3 -5.500000 16.499998 6.000003 0.094600 0.719600 -1
3 -5.000000 16.999998 7.000003 0.094600 0.727600 -1
3 5.000000 16.999998 7.000003 0.094600 0.727600 -1
3 5.500000 16.499998 6.000003 0.094600 0.719600 -1
3 0.000000 -9.000001 5.999999 0.094600 0.312400 -1
3 0.000000 -8.000001 6.999999 0.094600 0.328400 -1
3 -5.500000 -3.500001 6.000000 0.094600 0.400300 -1
3 -19.000000 7.999999 6.000001 0.202600 0.583900 -1
3 -19.000000 13.000000 0.000002 0.125400 0.631800 -1
3 -31.000000 1.000000 0.000000 0.125400 0.472100 -1
3 11.000000 30.000000 0.000005 0.079300 0.320000 -1
3 -11.000000 30.000000 -1.999995 0.045700 0.320000 -1
3 -11.000000 30.000000 0.000005 0.045700 0.320000 -1
3 -19.000000 14.000000 -1.999998 0.033500 0.417300 -1
3 11.000000 30.000000 -1.999995 0.079300 0.320000 -1
3 0.000000 -31.000000 -2.000005 0.062500 0.693100 -1
3 0.000000 -31.000000 -0.000005 0.062500 0.693100 -1
3 11.000000 6.000000 -1.999999 0.079300 0.466200 -1
3 -11.000000 6.000000 -1.999999 0.045700 0.466200 -1
3 32.000000 1.000000 0.000000 0.111500 0.497200 -1
3 19.000000 14.000000 -1.999998 0.091500 0.417300 -1
3 -32.000000 1.000000 -2.000000 0.013500 0.497200 -1
3 32.000000 1.000000 -2.000000 0.111500 0.497200 -1
3 -10.000000 4.000000 0.000000 0.048800 0.495700 -1
3 -19.000000 5.999999 7.000001 0.094600 0.552000 -1
3 -19.000000 6.999999 6.000001 0.094600 0.567900 -1
3 0.000000 -24.000002 5.999996 0.094600 0.072900 -1
3 25.000000 0.999999 6.000000 0.094600 0.472100 -1
3 24.000000 0.999999 7.000000 0.094600 0.472100 -1
3 0.000000 -13.000001 6.999998 0.094600 0.248600 -1
3 -5.500000 4.499999 6.000001 0.219600 0.528000 -1
3 0.000000 -11.000001 5.999998 0.202600 0.280500 -1
3 0.000000 -10.000001 5.999999 0.202600 0.296500 -1
3 -10.000000 29.000000 0.000005 0.048800 0.332200 -1
3 31.000000 1.000000 0.000000 0.107200 0.497200 -1
3 10.000000 29.000000 0.000005 0.076200 0.332200 -1
3 10.000000 4.000000 0.000000 0.076200 0.495700 -1
3 -6.000000 15.999999 6.000002 0.195600 0.711600 -1
3 -6.000000 -4.000001 6.000000 0.195600 0.392300 -1
3 -6.000000 -5.000001 5.999999 0.195600 0.376300 -1
3 0.000000 -11.000001 5.999998 0.195600 0.280500 -1
3 6.000000 4.999999 6.000001 0.195600 0.536000 -1
3 -5.500000 4.499999 6.000001 0.094600 0.528000 -1
3 5.500000 6.499999 6.000001 0.094600 0.559900 -1
3 -5.500000 14.499999 6.000002 0.094600 0.687700 -1
3 5.000000 23.999998 7.000004 0.094600 0.839400 -1
3 5.500000 24.499998 6.000004 0.094600 0.847300 -1
3 -5.500000 24.499998 6.000004 0.094600 0.847300 -1
3 5.500000 -3.500001 6.000000 0.094600 0.400300 -1
3 5.000000 -3.000001 7.000000 0.094600 0.408300 -1
3 -5.000000 -3.000001 7.000000 0.094600 0.408300 -1
121
0.000000 -0.000000 1.000000
0.177100 0.136200 0.974700
0.119100 -0.070500 0.990400
-0.820400 -0.166900 0.546900
-0.819800 0.171000 0.546500
-0.868300 -0.101700 0.485500
-0.018600 0.754900 0.655500
-0.070900 0.919900 0.385800
0.044100 0.626400 0.778200
-0.246400 -0.246400 0.937300
0.209900 0.019300 0.977500
-0.688200 0.229400 0.688300
-0.688200 -0.229400 0.688300
-0.000000 -0.707100 0.707100
0.062100 -0.291800 0.954500
-0.160400 -0.123000 0.979400
-0.261600 -0.000000 0.965200
0.000000 0.707100 0.707100
-0.059200 -0.337300 0.939500
0.872200 0.217900 0.437900
0.831200 0.035100 0.554800
0.166900 -0.000000 0.986000
0.328900 -0.000000 0.944400
0.328400 -0.000000 0.944600
-0.168700 -0.000000 0.985700
-0.024800 0.024800 0.999400
-0.228000 -0.098900 0.968600
0.198900 0.198900 0.959600
0.411100 0.678100 0.609200
-0.725900 0.609500 0.318600
-0.502400 0.526700 0.685700
-0.028600 -0.219000 0.975300
0.162900 -0.070600 0.984100
0.820100 0.169000 0.546700
0.820100 -0.168700 0.546800
-0.133600 -0.133600 0.982000
0.207800 0.044100 0.977200
0.661100 -0.639400 0.392600
0.609200 -0.609200 0.507700
-0.176300 -0.000000 0.984300
-0.169000 -0.000000 0.985600
-0.866200 0.155700 0.474900
0.059200 -0.337300 0.939500
-0.831500 0.035100 0.554400
0.577400 0.577400 0.577400
-0.371400 0.742800 0.557100
-0.451500 -0.763000 0.462500
-0.609200 -0.609200 0.507700
-0.783500 -0.385700 0.487200
0.577400 -0.577400 0.577400
-0.577400 -0.577400 0.577400
-0.577400 0.577400 0.577400
-0.720000 -0.405800 0.562900
0.622600 0.622600 0.474100
-0.411100 0.678100 0.609200
0.609200 0.609200 0.507700
-0.639300 0.590800 0.492300
-0.501400 0.769600 0.395500
-0.717300 0.623500 0.311000
-0.112800 -0.063800 0.991600
0.024600 0.025100 0.999400
0.534100 0.706100 0.465000
0.769600 0.501400 0.395500
0.756700 0.551000 0.352000
-0.040100 0.964100 -0.262600
0.232000 0.972700 -0.000100
0.095000 0.981800 -0.164500
0.555300 0.827200 -0.086500
0.707100 0.707100 0.000000
0.909200 0.416400 -0.000000
0.977200 0.209600 -0.034800
0.972700 -0.232000 -0.000000
0.964100 -0.262600 -0.040100
-0.981200 0.169300 -0.092900
-0.000000 -1.000000 0.000000
0.397600 -0.888500 -0.229300
-0.694400 0.694400 -0.188900
-0.029400 0.029400 0.999100
-0.666300 0.715600 -0.209600
-0.981800 -0.164500 -0.095000
-0.026600 -0.000000 0.999600
-0.977500 0.086500 -0.192300
0.672800 0.727900 -0.132300
0.851900 0.523700 -0.000000
0.828000 0.560800 -0.000000
-0.707100 0.707100 0.000000
-1.000000 0.000000 0.000000
0.606800 -0.793900 -0.039000
0.707100 -0.707100 0.000000
0.015800 -0.035100 0.999300
-0.785900 -0.328400 0.523900
-0.785800 0.328900 0.523800
-0.955300 0.067800 0.287700
0.286900 0.839400 0.461500
0.229400 0.688200 0.688200
-0.229400 0.688200 0.688200
0.707100 0.000000 0.707100
0.171000 -0.000000 0.985300
-0.597100 0.636200 0.488700
0.895000 -0.241000 0.375400
0.819000 -0.176300 0.546000
0.900200 -0.131100 0.415300
0.803100 0.261600 0.535400
0.164500 -0.095000 0.981800
-0.175000 0.303100 0.936700
-0.262600 -0.040100 0.964100
-0.121100 0.066000 0.990400
0.584600 -0.764700 0.271100
-0.742800 0.371400 0.557100
-0.526700 -0.502400 0.685700
0.720000 -0.405800 0.562900
0.831500 -0.202900 0.517200
-0.831500 -0.202900 0.517200
0.596600 0.636200 0.489100
-0.609200 0.609200 0.507700
0.000000 0.972700 0.232000
-0.688000 0.725700 0.000000
0.041600 0.999100 0.000000
-0.687800 0.687800 0.232000
-0.972700 0.000100 0.232000
-0.662800 0.662800 -0.348500
150
3 0 1 2 0 1 0 1
3 3 4 5 0 0 2 1
3 6 7 8 3 4 5 1
3 8 9 10 6 7 8 1
3 11 12 13 9 0 10 1
3 14 15 16 11 12 13 1
3 17 18 19 14 0 0 1
3 9 20 21 15 0 16 1
3 22 23 24 17 17 17 1
3 25 26 27 18 19 20 1
3 28 6 29 0 21 0 1
3 29 30 31 0 22 0 1
3 32 33 34 23 0 24 1
3 0 35 36 0 0 25 1
3 18 21 20 0 16 0 1
3 26 33 37 26 0 0 1
3 2 38 39 0 27 0 1
3 25 40 41 28 29 30 1
3 42 40 43 0 31 0 1
3 44 45 46 0 32 0 1
3 47 34 25 33 34 18 1
3 48 49 50 0 35 36 1
3 17 51 9 14 0 15 1
3 30 52 31 22 0 0 1
3 53 54 55 37 38 38 1
3 56 52 47 39 0 40 1
3 57 58 59 0 0 0 1
3 60 61 62 0 0 0 1
3 45 63 36 41 42 43 1
3 64 65 66 0 0 0 1
3 67 68 69 44 45 44 1
3 1 54 38 46 47 48 1
3 70 71 72 44 44 49 1
3 73 74 75 50 50 51 1
3 76 77 78 51 50 50 1
3 79 77 80 49 50 49 1
3 81 82 83 13 13 52 1
3 84 63 85 53 54 55 1
3 84 86 1 56 57 58 1
3 53 39 38 59 0 27 1
3 27 35 43 60 0 0 1
3 53 41 40 61 62 63 1
3 87 88 89 64 65 66 1
3 13 90 11 67 68 69 1
3 50 91 87 70 71 72 1
3 5 92 93 73 74 75 1
3 49 94 50 76 77 78 1
3 89 95 13 79 80 81 1
3 96 97 49 82 83 84 1
3 5 90 98 73 85 86 1
3 96 92 99 87 74 88 1
3 0 84 1 0 89 1 1
3 8 63 6 5 42 3 1
3 32 30 63 90 91 42 1
3 63 45 32 42 41 90 1
3 7 17 8 4 92 5 1
3 63 30 6 42 91 3 1
3 8 17 9 6 93 7 1
3 11 5 4 9 2 0 1
3 12 100 13 0 0 10 1
3 11 4 12 9 0 0 1
3 14 101 102 11 94 95 1
3 103 104 16 13 96 13 1
3 104 105 16 96 96 13 1
3 14 102 15 11 95 12 1
3 103 16 15 13 13 12 1
3 17 7 18 14 97 0 1
3 9 51 20 15 0 0 1
3 23 102 101 17 95 94 1
3 24 105 104 17 96 96 1
3 23 101 106 17 94 17 1
3 24 104 22 17 96 17 1
3 23 106 24 17 17 17 1
3 28 56 6 0 39 21 1
3 29 6 30 0 21 22 1
3 32 107 33 23 0 0 1
3 108 36 35 0 25 0 1
3 84 0 36 89 0 25 1
3 18 7 21 0 97 16 1
3 26 34 33 26 24 0 1
3 2 1 38 0 1 27 1
3 25 27 40 28 98 29 1
3 42 53 40 0 59 31 1
3 26 37 46 26 0 0 1
3 44 107 32 0 0 23 1
3 109 26 46 0 26 0 1
3 44 32 45 0 23 32 1
3 109 46 45 0 0 32 1
3 25 10 56 18 99 100 1
3 9 21 10 101 102 99 1
3 56 47 25 100 33 18 1
3 34 26 25 34 19 18 1
3 10 21 56 99 102 100 1
3 89 13 110 103 10 0 1
3 13 100 110 10 0 0 1
3 3 5 93 0 2 104 1
3 111 3 93 0 0 104 1
3 87 89 110 105 103 0 1
3 87 110 112 105 0 0 1
3 50 87 112 36 105 0 1
3 111 93 96 0 104 106 1
3 50 112 113 36 0 0 1
3 48 111 96 0 0 106 1
3 50 113 48 36 0 0 1
3 48 96 49 0 106 35 1
3 17 19 51 14 0 0 1
3 30 47 52 22 40 0 1
3 53 38 54 37 107 38 1
3 56 28 52 39 0 0 1
3 57 114 58 0 0 0 1
3 60 115 116 0 0 0 1
3 117 61 60 0 0 0 1
3 60 116 117 0 0 0 1
3 64 118 65 0 0 0 1
3 67 119 68 44 108 45 1
3 1 86 54 46 109 47 1
3 72 74 73 49 50 50 1
3 120 70 72 49 44 49 1
3 72 73 120 49 50 49 1
3 75 71 70 51 44 44 1
3 121 73 75 51 50 51 1
3 75 70 121 51 44 51 1
3 76 122 123 51 44 44 1
3 124 77 76 51 50 51 1
3 76 123 124 51 44 51 1
3 123 122 79 44 44 49 1
3 79 78 77 49 50 50 1
3 80 123 79 49 44 49 1
3 125 67 126 110 44 111 1
3 67 69 126 44 44 111 1
3 68 119 127 45 108 112 1
3 127 119 83 112 108 52 1
3 81 125 82 13 110 13 1
3 82 127 83 13 112 52 1
3 125 126 82 110 111 13 1
3 84 36 63 53 113 54 1
3 84 85 86 56 114 57 1
3 53 42 39 59 0 0 1
3 43 40 27 0 31 60 1
3 27 108 35 60 0 0 1
3 53 55 41 61 55 62 1
3 87 91 88 64 115 65 1
3 13 95 90 67 116 68 1
3 50 94 91 70 117 71 1
3 5 98 92 73 86 74 1
3 49 97 94 76 118 77 1
3 89 88 95 79 119 80 1
3 96 99 97 82 68 83 1
3 5 11 90 73 120 85 1
3 96 93 92 87 75 74 1
"colourboi" 1 0
27
0 24.000000 0.999999 6.999999 0.517300 0.495100 -1
0 5.000000 -8.000001 6.999998 0.526000 0.789400 -1
0 0.000000 -23.000002 6.999995 0.517300 0.999500 -1
0 19.000000 5.999999 7.000000 0.526000 0.495100 -1
0 0.000000 -13.000001 6.999997 0.526000 0.894500 -1
0 5.000000 -3.000001 6.999999 0.530300 0.736800 -1
0 0.000000 -3.000001 6.999999 0.534600 0.789400 -1
0 0.000000 -8.000001 6.999998 0.530300 0.841900 -1
0 -24.000000 0.999999 6.999999 0.517300 0.495100 -1
0 -5.000000 -8.000001 6.999998 0.526000 0.789400 -1
0 5.000000 3.999999 7.000000 0.536400 0.663300 -1
0 0.000000 3.999999 7.000000 0.540700 0.715800 -1
0 -19.000000 5.999999 7.000000 0.526000 0.495100 -1
0 -5.000000 -3.000001 6.999999 0.530300 0.736800 -1
0 -5.000000 3.999999 7.000000 0.536400 0.663300 -1
0 5.000000 13.999999 7.000001 0.545000 0.558200 -1
0 0.000000 13.999999 7.000001 0.549300 0.610700 -1
0 0.000000 6.999999 7.000000 0.543300 0.684300 -1
0 -5.000000 13.999999 7.000001 0.545000 0.558200 -1
0 0.000000 16.999998 7.000002 0.551900 0.579200 -1
0 5.000000 16.999998 7.000002 0.547600 0.526700 -1
0 5.000000 23.999998 7.000003 0.553600 0.453100 -1
0 -5.000000 23.999998 7.000003 0.553600 0.453100 -1
0 -5.000000 16.999998 7.000002 0.547600 0.526700 -1
0 -5.000000 6.999999 7.000000 0.539000 0.632400 -1
0 0.000000 23.999998 7.000003 0.558000 0.505600 -1
0 5.000000 6.999999 7.000000 0.539000 0.632400 -1
1
0.000000 -0.000000 1.000000
20
0 0 1 2 0 0 0 1
0 1 0 3 0 0 0 1
0 1 4 2 0 0 0 1
0 5 6 7 0 0 0 1
0 8 2 9 0 0 0 1
0 5 10 11 0 0 0 1
0 9 12 8 0 0 0 1
0 9 2 4 0 0 0 1
0 13 7 6 0 0 0 1
0 11 14 13 0 0 0 1
0 11 13 6 0 0 0 1
0 5 11 6 0 0 0 1
0 15 16 17 0 0 0 1
0 17 16 18 0 0 0 1
0 19 20 21 0 0 0 1
0 22 23 19 0 0 0 1
0 17 18 24 0 0 0 1
0 22 19 25 0 0 0 1
0 15 17 26 0 0 0 1
0 19 21 25 0 0 0 1

Materials: 2
"colourboi"
0.588235 0.588235 0.588235 1.000000
0.588235 0.588235 0.588235 1.000000
0.898039 0.898039 0.898039 1.000000
0.000000 0.000000 0.000000 1.000000
0.128000
1.000000
"textures\Tap Note parts.ini"
""
"frameboi"
0.588235 0.588235 0.588235 1.000000
0.588235 0.588235 0.588235 1.000000
0.898039 0.898039 0.898039 1.000000
0.000000 0.000000 0.000000 1.000000
0.128000
1.000000
"textures\Tap Note parts.png"
""

Bones: 0
GroupComments: 0
MaterialComments: 0
BoneComments: 0
ModelComment: 0
