// MilkShape 3D ASCII

Frames: 30
Frame: 1

Meshes: 1
"liftboi" 0 0
128
0 -19.000000 7.000000 6.000000 0.469600 0.567900 -1
0 -26.000000 1.000000 6.000000 0.452600 0.472100 -1
0 -25.000000 1.000000 6.000000 0.469600 0.472100 -1
0 0.000000 -28.000000 0.000000 0.062500 0.675800 -1
0 -29.000000 1.000000 0.000000 0.017800 0.497200 -1
0 -32.000000 1.000000 0.000000 0.013500 0.497200 -1
0 -6.000000 15.000000 6.000000 0.452600 0.695700 -1
0 -6.000000 16.000000 6.000000 0.452600 0.711600 -1
0 -9.000000 28.000000 0.000000 0.375400 0.903200 -1
0 6.000000 25.000000 6.000000 0.452600 0.855300 -1
0 9.000000 28.000000 0.000000 0.375400 0.903200 -1
0 -19.000000 14.000000 0.000000 0.033500 0.417300 -1
0 -19.000000 11.000000 0.000000 0.033500 0.434600 -1
0 -11.000000 6.000000 0.000000 0.045700 0.466200 -1
0 -24.000000 1.000000 7.000000 0.094600 0.472100 -1
0 -25.000000 1.000000 6.000000 0.094600 0.472100 -1
0 0.000000 -23.000000 7.000000 0.094600 0.088900 -1
0 -6.000000 25.000000 6.000000 0.452600 0.855300 -1
0 -5.500000 16.500000 6.000000 0.469600 0.719600 -1
0 -5.500000 24.500000 6.000000 0.469600 0.847300 -1
0 5.500000 16.500000 6.000000 0.469600 0.719600 -1
0 6.000000 16.000000 6.000000 0.452600 0.711600 -1
0 19.000000 7.000000 6.000000 0.094600 0.567900 -1
0 0.000000 -12.000000 6.000000 0.094600 0.264500 -1
0 19.000000 6.000000 7.000000 0.094600 0.552000 -1
0 9.000000 1.000000 0.000000 0.375400 0.472100 -1
0 6.000000 -4.000000 6.000000 0.452600 0.392300 -1
0 6.000000 -5.000000 6.000000 0.452600 0.376300 -1
0 5.500000 14.500000 6.000000 0.469600 0.687700 -1
0 -5.500000 14.500000 6.000000 0.469600 0.687700 -1
0 -6.000000 6.000000 6.000000 0.452600 0.552000 -1
0 -5.500000 6.500000 6.000000 0.469600 0.559900 -1
0 -6.000000 5.000000 6.000000 0.452600 0.536000 -1
0 5.500000 4.500000 6.000000 0.469600 0.528000 -1
0 6.000000 5.000000 6.000000 0.452600 0.536000 -1
0 0.000000 -12.000000 6.000000 0.469600 0.264500 -1
0 -6.000000 -5.000000 6.000000 0.452600 0.376300 -1
0 5.500000 -3.500000 6.000000 0.469600 0.400300 -1
0 0.000000 -25.000000 6.000000 0.452600 0.057000 -1
0 0.000000 -24.000000 6.000000 0.469600 0.072900 -1
0 19.000000 8.000000 6.000000 0.452600 0.583900 -1
0 19.000000 11.000000 0.000000 0.375400 0.631800 -1
0 25.000000 1.000000 6.000000 0.469600 0.472100 -1
0 19.000000 7.000000 6.000000 0.469600 0.567900 -1
0 -5.500000 -3.500000 6.000000 0.469600 0.400300 -1
0 -6.000000 -4.000000 6.000000 0.452600 0.392300 -1
0 0.000000 -9.000000 6.000000 0.469600 0.312400 -1
0 6.000000 6.000000 6.000000 0.452600 0.552000 -1
0 19.000000 11.000000 0.000000 0.091500 0.434600 -1
0 19.000000 14.000000 0.000000 0.091500 0.417300 -1
0 11.000000 6.000000 0.000000 0.079300 0.466200 -1
0 5.500000 24.500000 6.000000 0.469600 0.847300 -1
0 5.500000 6.500000 6.000000 0.469600 0.559900 -1
0 26.000000 1.000000 6.000000 0.452600 0.472100 -1
0 0.000000 -28.000000 0.000000 0.375400 0.009100 -1
0 29.000000 1.000000 0.000000 0.375400 0.472100 -1
0 6.000000 15.000000 6.000000 0.452600 0.695700 -1
0 6.000000 16.000000 6.000000 0.445600 0.711600 -1
0 -6.000000 15.000000 6.000000 0.445600 0.695700 -1
0 6.000000 15.000000 6.000000 0.445600 0.695700 -1
0 0.000000 -10.000000 6.000000 0.445600 0.296500 -1
0 6.000000 -5.000000 6.000000 0.445600 0.376300 -1
0 6.000000 -4.000000 6.000000 0.445600 0.392300 -1
0 -9.000000 1.000000 0.000000 0.375400 0.472100 -1
0 -6.000000 5.000000 6.000000 0.445600 0.536000 -1
0 6.000000 6.000000 6.000000 0.445600 0.552000 -1
0 -6.000000 6.000000 6.000000 0.445600 0.552000 -1
0 5.500000 4.500000 6.000000 0.094600 0.528000 -1
0 -5.000000 4.000000 7.000000 0.094600 0.520000 -1
0 5.000000 4.000000 7.000000 0.094600 0.520000 -1
0 5.500000 14.500000 6.000000 0.094600 0.687700 -1
0 5.000000 14.000000 7.000000 0.094600 0.679700 -1
0 5.000000 7.000000 7.000000 0.094600 0.567900 -1
0 -5.500000 6.500000 6.000000 0.094600 0.559900 -1
0 -5.000000 7.000000 7.000000 0.094600 0.567900 -1
0 -5.000000 14.000000 7.000000 0.094600 0.679700 -1
0 -5.000000 24.000000 7.000000 0.094600 0.839400 -1
0 -5.500000 16.500000 6.000000 0.094600 0.719600 -1
0 -5.000000 17.000000 7.000000 0.094600 0.727600 -1
0 5.000000 17.000000 7.000000 0.094600 0.727600 -1
0 5.500000 16.500000 6.000000 0.094600 0.719600 -1
0 0.000000 -9.000000 6.000000 0.094600 0.312400 -1
0 0.000000 -8.000000 7.000000 0.094600 0.328400 -1
0 -5.500000 -3.500000 6.000000 0.094600 0.400300 -1
0 -19.000000 8.000000 6.000000 0.452600 0.583900 -1
0 -19.000000 11.000000 0.000000 0.375400 0.631800 -1
0 -29.000000 1.000000 0.000000 0.375400 0.472100 -1
0 11.000000 30.000000 0.000000 0.079300 0.320000 -1
0 -11.000000 30.000000 -2.000000 0.045700 0.320000 -1
0 -11.000000 30.000000 0.000000 0.045700 0.320000 -1
0 -19.000000 14.000000 -2.000000 0.033500 0.417300 -1
0 11.000000 30.000000 -2.000000 0.079300 0.320000 -1
0 0.000000 -31.000000 -2.000000 0.062500 0.693100 -1
0 0.000000 -31.000000 0.000000 0.062500 0.693100 -1
0 11.000000 6.000000 -2.000000 0.079300 0.466200 -1
0 -11.000000 6.000000 -2.000000 0.045700 0.466200 -1
0 32.000000 1.000000 0.000000 0.111500 0.497200 -1
0 19.000000 14.000000 -2.000000 0.091500 0.417300 -1
0 -32.000000 1.000000 -2.000000 0.013500 0.497200 -1
0 32.000000 1.000000 -2.000000 0.111500 0.497200 -1
0 -9.000000 1.000000 0.000000 0.048800 0.495700 -1
0 -19.000000 6.000000 7.000000 0.094600 0.552000 -1
0 -19.000000 7.000000 6.000000 0.094600 0.567900 -1
0 0.000000 -24.000000 6.000000 0.094600 0.072900 -1
0 25.000000 1.000000 6.000000 0.094600 0.472100 -1
0 24.000000 1.000000 7.000000 0.094600 0.472100 -1
0 0.000000 -13.000000 7.000000 0.094600 0.248600 -1
0 -5.500000 4.500000 6.000000 0.469600 0.528000 -1
0 0.000000 -11.000000 6.000000 0.452600 0.280500 -1
0 0.000000 -10.000000 6.000000 0.452600 0.296500 -1
0 -9.000000 28.000000 0.000000 0.048800 0.332200 -1
0 29.000000 1.000000 0.000000 0.107200 0.497200 -1
0 9.000000 28.000000 0.000000 0.076200 0.332200 -1
0 9.000000 1.000000 0.000000 0.076200 0.495700 -1
0 -6.000000 16.000000 6.000000 0.445600 0.711600 -1
0 -6.000000 -4.000000 6.000000 0.445600 0.392300 -1
0 -6.000000 -5.000000 6.000000 0.445600 0.376300 -1
0 0.000000 -11.000000 6.000000 0.445600 0.280500 -1
0 6.000000 5.000000 6.000000 0.445600 0.536000 -1
0 -5.500000 4.500000 6.000000 0.094600 0.528000 -1
0 5.500000 6.500000 6.000000 0.094600 0.559900 -1
0 -5.500000 14.500000 6.000000 0.094600 0.687700 -1
0 5.000000 24.000000 7.000000 0.094600 0.839400 -1
0 5.500000 24.500000 6.000000 0.094600 0.847300 -1
0 -5.500000 24.500000 6.000000 0.094600 0.847300 -1
0 5.500000 -3.500000 6.000000 0.094600 0.400300 -1
0 5.000000 -3.000000 7.000000 0.094600 0.408300 -1
0 -5.000000 -3.000000 7.000000 0.094600 0.408300 -1
97
0.181100 -0.096300 0.978700
0.000400 -0.000500 1.000000
-0.000200 0.000600 1.000000
0.000000 0.000000 1.000000
-0.686600 0.000000 0.727100
-0.525700 0.000000 0.850700
-0.894400 0.000000 0.447200
0.000000 0.894400 0.447200
0.000000 0.894500 0.447100
-0.707600 0.000100 0.706600
-0.706700 -0.000400 0.707500
-0.000000 -0.707100 0.707100
-0.000100 -0.000200 1.000000
0.000400 -0.000000 1.000000
-0.000100 -0.000000 1.000000
0.525700 0.000000 0.850700
-0.023000 0.700400 0.713400
-0.079200 0.724500 0.684700
0.000500 0.707200 0.707000
-0.106700 0.375400 0.920700
0.734000 -0.377800 0.564400
0.298000 0.381900 0.874800
-0.527400 0.025500 0.849300
0.072900 0.089000 0.993400
-0.215500 0.346000 0.913200
-0.120200 0.317300 0.940700
-0.123300 -0.110300 0.986200
0.000100 0.000400 1.000000
-0.000200 0.000000 1.000000
-0.660600 0.674300 0.330000
-0.666700 0.666800 0.333000
0.014500 0.078000 0.996800
-0.010100 0.001900 0.999900
0.013100 -0.015500 0.999800
0.006900 -0.023600 0.999700
-0.018200 0.039800 0.999000
0.686600 0.000000 0.727100
0.000300 -0.000100 1.000000
0.505500 -0.798900 0.325900
0.667000 -0.666200 0.333600
0.601000 -0.603700 0.523700
-0.028700 0.040000 0.998800
-0.782900 0.026100 0.621600
-0.309600 0.250300 0.917300
0.160900 -0.205000 0.965500
0.577400 0.577400 0.577400
-0.577400 0.577400 0.577400
-0.667000 -0.666700 0.332800
-0.666900 -0.666300 0.333700
-0.666900 -0.666500 0.333200
0.577400 -0.577400 0.577400
-0.577400 -0.577400 0.577400
0.049700 -0.720000 0.692200
-0.754100 -0.353300 0.553700
0.798900 0.505500 0.326000
0.603700 0.601100 0.523700
-0.652300 0.744900 0.140500
-0.666900 0.666200 0.333800
-0.666200 0.667100 0.333300
-0.149600 -0.143800 0.978200
-0.213600 -0.211400 0.953800
0.744800 0.652300 0.140400
0.666400 0.666900 0.333400
0.669200 0.660200 0.341000
0.707100 0.707100 0.000000
0.000000 1.000000 0.000000
1.000000 0.000000 0.000000
-0.707100 -0.707100 0.000000
-0.707100 0.707100 0.000000
-1.000000 0.000000 0.000000
0.707100 -0.707100 0.000000
-0.146600 -0.146800 0.978200
-0.894500 0.000100 0.447100
0.000200 0.894400 0.447300
0.252400 0.672200 0.696100
-0.187900 0.563700 0.804300
0.000200 -0.701300 0.712900
0.673800 -0.246600 0.696500
0.049500 0.692100 0.720100
0.009400 -0.152900 0.988200
0.086000 -0.001400 0.996300
-0.015200 0.038000 0.999200
-0.146800 0.146600 0.978200
0.047200 0.014300 0.998800
0.894400 0.000000 0.447200
0.894400 -0.000100 0.447200
0.666800 -0.666700 0.333000
0.037200 -0.017100 0.999200
-0.622300 0.483700 0.615400
-0.666600 -0.667000 0.332700
0.577100 0.577300 0.577700
-0.577600 0.577000 0.577500
0.803700 -0.170100 0.570200
0.800400 -0.270000 0.535200
-0.800400 -0.270000 0.535200
-0.808200 0.525900 0.265000
0.525900 0.808200 0.265100
150
0 0 1 2 0 1 2 1
0 3 4 5 3 3 3 1
0 6 7 8 4 5 6 1
0 8 9 10 7 8 7 1
0 11 12 13 3 3 3 1
0 14 15 16 9 10 11 1
0 17 18 19 12 3 13 1
0 9 20 21 14 3 15 1
0 22 23 24 16 17 18 1
0 25 26 27 19 20 21 1
0 28 6 29 3 3 3 1
0 29 30 31 3 3 3 1
0 32 33 34 22 3 15 1
0 0 35 36 0 23 24 1
0 18 21 20 3 15 3 1
0 26 33 37 25 3 26 1
0 2 38 39 2 27 28 1
0 25 40 41 19 29 30 1
0 42 40 43 31 32 33 1
0 44 45 46 3 34 35 1
0 47 34 25 36 15 19 1
0 48 49 50 3 3 3 1
0 17 51 9 12 37 14 1
0 30 52 31 3 3 3 1
0 53 54 55 38 39 40 1
0 56 52 47 3 3 3 1
0 57 58 59 15 4 36 1
0 60 61 62 41 21 20 1
0 45 63 36 42 43 44 1
0 64 65 66 22 36 4 1
0 67 68 69 45 46 45 1
0 1 54 38 47 48 49 1
0 70 71 72 45 45 50 1
0 73 74 75 51 51 46 1
0 76 77 78 46 51 51 1
0 79 77 80 50 51 50 1
0 81 82 83 52 11 53 1
0 84 63 85 54 43 55 1
0 84 86 1 56 57 58 1
0 53 39 38 59 28 27 1
0 27 35 43 60 23 33 1
0 53 41 40 61 62 63 1
0 87 88 89 64 65 65 1
0 13 90 11 64 64 64 1
0 50 91 87 66 64 64 1
0 5 92 93 67 67 67 1
0 49 94 50 68 68 68 1
0 89 95 13 69 69 69 1
0 96 97 49 64 64 64 1
0 5 90 98 68 68 68 1
0 96 92 99 70 70 70 1
0 0 84 1 0 71 1 1
0 8 63 6 6 43 4 1
0 32 30 63 22 4 43 1
0 63 45 32 43 42 22 1
0 7 17 8 5 72 6 1
0 63 30 6 43 4 4 1
0 8 17 9 7 73 8 1
0 11 5 4 3 3 3 1
0 12 100 13 3 3 3 1
0 11 4 12 3 3 3 1
0 14 101 102 9 74 75 1
0 103 104 16 76 31 11 1
0 104 105 16 31 77 11 1
0 14 102 15 9 75 10 1
0 103 16 15 76 11 10 1
0 17 7 18 12 5 3 1
0 9 51 20 14 37 3 1
0 23 102 101 17 75 74 1
0 24 105 104 18 77 31 1
0 23 101 106 17 74 78 1
0 24 104 22 18 31 16 1
0 23 106 24 17 78 18 1
0 28 56 6 3 3 3 1
0 29 6 30 3 3 3 1
0 32 107 33 79 80 3 1
0 108 36 35 81 24 23 1
0 84 0 36 71 0 24 1
0 18 7 21 3 5 15 1
0 26 34 33 25 15 3 1
0 2 1 38 2 1 27 1
0 25 27 40 19 21 29 1
0 42 53 40 31 82 32 1
0 26 37 46 25 26 35 1
0 44 107 32 3 80 79 1
0 109 26 46 83 25 35 1
0 44 32 45 3 79 34 1
0 109 46 45 83 35 34 1
0 25 10 56 19 84 36 1
0 9 21 10 85 15 84 1
0 56 47 25 36 36 19 1
0 34 26 25 15 20 19 1
0 10 21 56 84 15 36 1
0 89 13 110 3 3 3 1
0 13 100 110 3 3 3 1
0 3 5 93 3 3 3 1
0 111 3 93 3 3 3 1
0 87 89 110 3 3 3 1
0 87 110 112 3 3 3 1
0 50 87 112 3 3 3 1
0 111 93 96 3 3 3 1
0 50 112 113 3 3 3 1
0 48 111 96 3 3 3 1
0 50 113 48 3 3 3 1
0 48 96 49 3 3 3 1
0 17 19 51 12 13 37 1
0 30 47 52 3 3 3 1
0 53 38 54 38 86 39 1
0 56 28 52 3 3 3 1
0 57 114 58 15 5 4 1
0 60 115 116 41 42 44 1
0 117 61 60 87 21 41 1
0 60 116 117 41 44 87 1
0 64 118 65 22 15 36 1
0 67 119 68 45 88 46 1
0 1 86 54 47 89 48 1
0 72 74 73 50 51 51 1
0 120 70 72 50 45 50 1
0 72 73 120 50 51 50 1
0 75 71 70 46 45 45 1
0 121 73 75 46 51 46 1
0 75 70 121 46 45 46 1
0 76 122 123 46 45 90 1
0 124 77 76 91 51 46 1
0 76 123 124 46 90 91 1
0 123 122 79 90 45 50 1
0 79 78 77 50 51 51 1
0 80 123 79 50 90 50 1
0 125 67 126 92 45 93 1
0 67 69 126 45 45 93 1
0 68 119 127 46 88 94 1
0 127 119 83 94 88 53 1
0 81 125 82 52 92 11 1
0 82 127 83 11 94 53 1
0 125 126 82 92 93 11 1
0 84 36 63 54 44 43 1
0 84 85 86 56 95 57 1
0 53 42 39 82 31 76 1
0 43 40 27 33 32 60 1
0 27 108 35 60 81 23 1
0 53 55 41 61 96 62 1
0 87 91 88 64 64 65 1
0 13 95 90 64 64 64 1
0 50 94 91 66 66 64 1
0 5 98 92 67 67 67 1
0 49 97 94 68 68 68 1
0 89 88 95 69 69 69 1
0 96 99 97 64 64 64 1
0 5 11 90 68 68 68 1
0 96 93 92 70 70 70 1

Materials: 1
"liftboi"
0.588235 0.588235 0.588235 1.000000
0.588235 0.588235 0.588235 1.000000
0.898039 0.898039 0.898039 1.000000
0.000000 0.000000 0.000000 1.000000
0.128000
1.000000
"textures\Tap Note parts.ini"
""

Bones: 0
GroupComments: 0
MaterialComments: 0
BoneComments: 0
ModelComment: 0
