// MilkShape 3D ASCII

Frames: 30
Frame: 1

Meshes: 3
"Fill" 0 0
15
0 -0.000002 -25.000002 4.000000 0.015625 -0.187500 -1
0 -0.000001 -15.000003 4.000000 0.015625 -0.062500 -1
0 -5.000001 -9.999998 4.000000 0.031250 -0.062500 -1
0 -20.000000 5.000003 4.000000 0.046875 -0.062500 -1
0 -25.000000 0.000004 4.000000 0.046875 -0.187500 -1
0 5.000000 -9.999998 4.000000 0.023437 -0.062500 -1
0 25.000000 -0.000000 4.000000 0.046875 -0.187500 -1
0 20.000000 5.000000 4.000000 0.046875 -0.062500 -1
0 -4.999996 19.999998 4.000000 0.046875 0.281250 -1
0 -5.000001 -9.999998 4.000000 0.046875 -0.031250 -1
0 -0.000001 -15.000003 4.000000 0.015625 -0.093750 -1
0 0.000002 19.999998 4.000000 0.015625 0.218750 -1
0 0.000002 24.999998 4.000000 0.015625 0.281250 -1
0 5.000000 19.999998 4.000000 0.046875 0.281250 -1
0 5.000000 -9.999998 4.000000 0.046875 -0.031250 -1
1
-0.000000 0.000000 1.000000
12
0 0 1 2 0 0 0 1
0 0 2 3 0 0 0 1
0 0 3 4 0 0 0 1
0 5 1 0 0 0 0 1
0 5 0 6 0 0 0 1
0 5 6 7 0 0 0 1
0 8 9 10 0 0 0 1
0 8 10 11 0 0 0 1
0 11 12 8 0 0 0 1
0 13 11 10 0 0 0 1
0 13 10 14 0 0 0 1
0 11 13 12 0 0 0 1
"Frame.Chrome" 0 2
82
1 -32.000000 0.000006 0.000000 0.898438 0.000000 -1
1 -30.000000 0.000005 0.000000 0.601562 0.000000 -1
1 -20.000000 10.000004 0.000000 0.601562 1.000000 -1
1 -19.999996 12.000004 -0.000000 0.898438 1.000000 -1
1 -20.000000 10.000004 0.000000 0.398438 1.000000 -1
1 -20.000000 7.000003 4.000000 0.101562 1.000000 -1
1 -6.500000 -6.500001 4.000000 0.101562 0.500000 -1
1 -8.500001 -1.499999 0.000000 0.398438 0.500000 -1
1 -27.000000 0.000005 4.000000 0.101562 1.000000 -1
1 -20.000000 7.000003 4.000000 0.101562 0.000000 -1
1 -20.000000 10.000004 0.000000 0.398438 0.000000 -1
1 -30.000000 0.000005 0.000000 0.398438 1.000000 -1
1 -0.000003 -32.000004 0.000000 0.898438 0.000000 -1
1 -0.000003 -30.000002 0.000000 0.601562 0.000000 -1
1 -30.000000 0.000005 0.000000 0.601562 1.000000 -1
1 -32.000000 0.000006 0.000000 0.898438 1.000000 -1
1 -0.000002 -27.000002 4.000000 0.101562 0.000000 -1
1 -0.000003 -30.000002 0.000000 0.398438 0.000000 -1
1 30.000000 0.000000 0.000000 0.398438 1.000000 -1
1 27.000000 -0.000000 4.000000 0.101562 1.000000 -1
1 32.000000 0.000000 0.000000 0.898438 1.000000 -1
1 20.000000 12.000000 -0.000000 0.898438 0.000000 -1
1 20.000000 10.000000 0.000000 0.601562 0.000000 -1
1 30.000000 0.000000 0.000000 0.601562 1.000000 -1
1 20.000000 10.000000 0.000000 0.398438 0.000000 -1
1 8.500001 -1.500001 0.000000 0.398438 0.500000 -1
1 6.499999 -6.500002 4.000000 0.101562 0.500000 -1
1 20.000000 7.000000 4.000000 0.101562 0.000000 -1
1 27.000000 -0.000000 4.000000 0.101562 0.000000 -1
1 30.000000 0.000000 0.000000 0.398438 0.000000 -1
1 20.000000 10.000000 0.000000 0.398438 1.000000 -1
1 20.000000 7.000000 4.000000 0.101562 1.000000 -1
1 -0.000003 -32.000004 0.000000 0.898438 1.000000 -1
1 32.000000 0.000000 0.000000 0.898438 0.000000 -1
1 30.000000 0.000000 0.000000 0.601562 0.000000 -1
1 -0.000003 -30.000002 0.000000 0.601562 1.000000 -1
1 10.000000 1.999997 -0.000000 0.898438 0.500000 -1
1 8.500001 -1.500001 0.000000 0.601562 0.500000 -1
1 20.000000 10.000000 0.000000 0.601562 1.000000 -1
1 20.000000 12.000000 -0.000000 0.898438 1.000000 -1
1 -8.500001 -1.499999 0.000000 0.601562 0.500000 -1
1 -10.000000 1.999999 -0.000000 0.898438 0.500000 -1
1 -19.999996 12.000004 -0.000000 0.898438 0.000000 -1
1 -20.000000 10.000004 0.000000 0.601562 0.000000 -1
1 -9.999996 21.999998 0.000000 0.898438 1.000000 -1
1 -10.000000 19.999994 0.000001 0.898438 0.900000 -1
1 -10.000000 1.999999 -0.000000 0.898438 0.000000 -1
1 -8.500001 -1.499999 0.000000 0.601562 0.000000 -1
1 -8.499996 21.499998 0.000000 0.601562 1.000000 -1
1 0.000003 29.999998 0.000000 0.398438 0.000000 -1
1 -8.499996 21.499998 0.000000 0.398438 1.000000 -1
1 -6.499996 20.499998 4.000000 0.101562 1.000000 -1
1 0.000002 26.999998 4.000000 0.101562 0.000000 -1
1 -6.500000 -6.500001 4.000000 0.101562 1.000000 -1
1 -6.499996 20.499998 4.000000 0.101562 0.000000 -1
1 -8.499996 21.499998 0.000000 0.398438 0.000000 -1
1 -8.500001 -1.499999 0.000000 0.398438 1.000000 -1
1 -8.499996 21.499998 0.000000 0.601562 0.000000 -1
1 0.000003 29.999998 0.000000 0.601562 1.000000 -1
1 0.000003 31.999998 0.000000 0.898438 1.000000 -1
1 -9.999996 21.999998 0.000000 0.898438 0.000000 -1
1 10.000000 21.999998 0.000000 0.898438 0.000000 -1
1 8.500000 21.499998 0.000000 0.601562 0.000000 -1
1 8.500001 -1.500001 0.000000 0.601562 1.000000 -1
1 10.000000 1.999997 -0.000000 0.898438 1.000000 -1
1 10.000002 17.499989 -0.000001 0.898438 0.225001 -1
1 0.000003 29.999998 0.000000 0.398438 1.000000 -1
1 0.000002 26.999998 4.000000 0.101562 1.000000 -1
1 6.500000 20.499998 4.000000 0.101562 0.000000 -1
1 8.500000 21.499998 0.000000 0.398438 0.000000 -1
1 6.499999 -6.500002 4.000000 0.101562 0.000000 -1
1 8.500001 -1.500001 0.000000 0.398438 0.000000 -1
1 8.500000 21.499998 0.000000 0.398438 1.000000 -1
1 6.500000 20.499998 4.000000 0.101562 1.000000 -1
1 8.500000 21.499998 0.000000 0.601562 1.000000 -1
1 10.000000 21.999998 0.000000 0.898438 1.000000 -1
1 0.000003 31.999998 0.000000 0.898438 0.000000 -1
1 0.000003 29.999998 0.000000 0.601562 0.000000 -1
1 -0.000003 -30.000002 0.000000 0.398438 1.000000 -1
1 -0.000002 -27.000002 4.000000 0.101562 1.000000 -1
1 -27.000000 0.000005 4.000000 0.101562 0.000000 -1
1 -30.000000 0.000005 0.000000 0.398438 0.000000 -1
7
-0.000000 0.000000 1.000000
0.624700 0.624700 0.468500
-0.624700 0.624700 0.468500
0.624700 -0.624700 0.468500
-0.894400 0.000000 0.447200
0.894400 0.000000 0.447200
-0.624700 -0.624700 0.468500
42
0 0 1 2 0 0 0 1
0 0 2 3 0 0 0 1
0 4 5 6 1 1 1 1
0 4 6 7 1 1 1 1
0 8 9 10 2 2 2 1
0 8 10 11 2 2 2 1
0 12 13 14 0 0 0 1
0 12 14 15 0 0 0 1
0 16 17 18 3 3 3 1
0 16 18 19 3 3 3 1
0 20 21 22 0 0 0 1
0 20 22 23 0 0 0 1
0 24 25 26 2 2 2 1
0 24 26 27 2 2 2 1
0 28 29 30 1 1 1 1
0 28 30 31 1 1 1 1
0 32 33 34 0 0 0 1
0 32 34 35 0 0 0 1
0 36 37 38 0 0 0 1
0 36 38 39 0 0 0 1
0 40 41 42 0 0 0 1
0 40 42 43 0 0 0 1
0 44 45 46 0 0 0 1
0 44 46 47 0 0 0 1
0 44 47 48 0 0 0 1
0 49 50 51 2 2 2 1
0 49 51 52 2 2 2 1
0 53 54 55 4 4 4 1
0 53 55 56 4 4 4 1
0 57 58 59 0 0 0 1
0 57 59 60 0 0 0 1
0 61 62 63 0 0 0 1
0 61 63 64 0 0 0 1
0 61 64 65 0 0 0 1
0 66 67 68 1 1 1 1
0 66 68 69 1 1 1 1
0 70 71 72 5 5 5 1
0 70 72 73 5 5 5 1
0 74 75 76 0 0 0 1
0 74 76 77 0 0 0 1
0 78 79 80 6 6 6 1
0 78 80 81 6 6 6 1
"Frame.Black" 0 1
20
0 -0.000002 -27.000002 4.000000 0.953125 0.500000 -1
0 -0.000002 -25.000002 4.000000 0.953125 0.500000 -1
0 -25.000000 0.000004 4.000000 0.953125 0.500000 -1
0 -27.000000 0.000005 4.000000 0.953125 0.500000 -1
0 -20.000000 5.000003 4.000000 0.953125 0.500000 -1
0 -20.000000 7.000003 4.000000 0.953125 0.500000 -1
0 -5.000001 -9.999998 4.000000 0.953125 0.500000 -1
0 -6.500000 -6.500001 4.000000 0.953125 0.500000 -1
0 27.000000 -0.000000 4.000000 0.953125 0.500000 -1
0 25.000000 -0.000000 4.000000 0.953125 0.500000 -1
0 20.000000 5.000000 4.000000 0.953125 0.500000 -1
0 20.000000 7.000000 4.000000 0.953125 0.500000 -1
0 6.499999 -6.500002 4.000000 0.953125 0.500000 -1
0 5.000000 -9.999998 4.000000 0.953125 0.500000 -1
0 0.000002 26.999998 4.000000 0.953125 0.500000 -1
0 -6.499996 20.499998 4.000000 0.953125 0.500000 -1
0 -4.999996 19.999998 4.000000 0.953125 0.500000 -1
0 0.000002 24.999998 4.000000 0.953125 0.500000 -1
0 5.000000 19.999998 4.000000 0.953125 0.500000 -1
0 6.500000 20.499998 4.000000 0.953125 0.500000 -1
1
-0.000000 0.000000 1.000000
20
0 0 1 2 0 0 0 1
0 0 2 3 0 0 0 1
0 4 5 3 0 0 0 1
0 4 3 2 0 0 0 1
0 4 6 7 0 0 0 1
0 4 7 5 0 0 0 1
0 1 0 8 0 0 0 1
0 1 8 9 0 0 0 1
0 10 9 8 0 0 0 1
0 10 8 11 0 0 0 1
0 10 11 12 0 0 0 1
0 10 12 13 0 0 0 1
0 14 15 16 0 0 0 1
0 14 16 17 0 0 0 1
0 6 16 15 0 0 0 1
0 6 15 7 0 0 0 1
0 14 17 18 0 0 0 1
0 14 18 19 0 0 0 1
0 13 12 19 0 0 0 1
0 13 19 18 0 0 0 1

Materials: 3
"Fill"
1.000000 1.000000 1.000000 1.000000
0.800000 0.800000 0.800000 1.000000
0.500000 0.500000 0.500000 1.000000
0.000000 0.000000 0.000000 1.000000
0.128000
1.000000
"textures/FrameBlack.png"
""
"Frame.Black"
1.000000 1.000000 1.000000 1.000000
0.800000 0.800000 0.800000 1.000000
0.500000 0.500000 0.500000 1.000000
0.000000 0.000000 0.000000 1.000000
0.128000
1.000000
"textures/FrameBlack.png"
""
"Frame.Chrome"
1.000000 1.000000 1.000000 1.000000
0.800000 0.800000 0.800000 1.000000
0.500000 0.500000 0.500000 1.000000
0.000000 0.000000 0.000000 1.000000
0.128000
1.000000
"textures/FrameLift.ini"
""

Bones: 0
GroupComments: 0
MaterialComments: 0
BoneComments: 0
ModelComment: 0
