// MilkShape 3D ASCII

Frames: 30
Frame: 1

Meshes: 3
"Fill" 0 0
11
0 -25.000000 0.000000 4.000010 0.046875 -0.187500 -1
0 -5.000000 -10.000000 4.000010 0.023438 -0.062500 -1
0 -20.000000 5.000000 4.000009 0.046875 -0.062500 -1
0 5.000000 20.000000 4.000008 0.046875 0.281250 -1
0 0.000000 25.000000 4.000008 0.015625 0.281250 -1
0 -5.000000 20.000000 4.000008 0.046875 0.281250 -1
0 5.000000 -10.000000 4.000010 0.046875 -0.031250 -1
0 5.000000 -10.000000 4.000010 0.023438 -0.062500 -1
0 25.000000 0.000000 4.000010 0.046875 -0.187500 -1
0 20.000000 5.000000 4.000009 0.046875 -0.062500 -1
0 0.000000 -25.000000 4.000011 0.015625 -0.187500 -1
1
-0.000000 -0.000000 1.000000
8
0 0 1 2 0 0 0 1
0 3 4 5 0 0 0 1
0 5 6 3 0 0 0 1
0 7 8 9 0 0 0 1
0 1 10 6 0 0 0 1
0 0 10 1 0 0 0 1
0 5 1 6 0 0 0 1
0 7 10 8 0 0 0 1
"Frame.Chrome" 0 2
80
1 -8.500000 -1.500000 0.000010 0.398438 1.000000 -1
1 -6.500000 20.500000 4.000008 0.101562 0.000000 -1
1 -8.500000 21.500000 0.000008 0.398438 0.000000 -1
1 0.000000 27.000000 4.000008 0.101562 0.000000 -1
1 -8.500000 21.500000 0.000008 0.398438 1.000000 -1
1 -6.500000 20.500000 4.000008 0.101562 1.000000 -1
1 -10.000000 22.000000 0.000008 0.898438 0.000000 -1
1 0.000000 30.000000 0.000007 0.601562 1.000000 -1
1 0.000000 32.000000 0.000007 0.898438 1.000000 -1
1 0.000000 30.000000 0.000007 0.601562 0.000000 -1
1 10.000000 22.000000 0.000008 0.898438 1.000000 -1
1 0.000000 32.000000 0.000007 0.898438 0.000000 -1
1 -8.500000 -1.500000 0.000010 0.398438 0.500000 -1
1 -20.000000 7.000000 4.000009 0.101562 1.000000 -1
1 -6.500000 -6.500000 4.000010 0.101562 0.500000 -1
1 -30.000000 0.000000 0.000010 0.398438 1.000000 -1
1 -20.000000 7.000000 4.000009 0.101562 0.000000 -1
1 -20.000000 10.000000 0.000009 0.398438 0.000000 -1
1 0.000000 -30.000000 0.000012 0.601562 1.000000 -1
1 32.000000 0.000000 0.000010 0.898438 0.000000 -1
1 30.000000 0.000000 0.000010 0.601562 0.000000 -1
1 10.000000 2.000000 0.000010 0.898438 1.000000 -1
1 8.500000 21.500000 0.000008 0.601562 0.000000 -1
1 8.500000 -1.500000 0.000010 0.601562 1.000000 -1
1 8.500000 21.500000 0.000008 0.398438 0.000000 -1
1 0.000000 27.000000 4.000008 0.101562 1.000000 -1
1 6.500000 20.500000 4.000008 0.101562 0.000000 -1
1 -8.500000 21.500000 0.000008 0.601562 1.000000 -1
1 -10.000000 2.000000 0.000010 0.898438 0.000000 -1
1 -8.500000 -1.500000 0.000010 0.601562 0.000000 -1
1 -32.000000 0.000000 0.000010 0.898438 1.000000 -1
1 0.000000 -30.000000 0.000012 0.601562 0.000000 -1
1 -30.000000 0.000000 0.000010 0.601562 1.000000 -1
1 -20.000000 12.000000 0.000009 0.898438 1.000000 -1
1 -30.000000 0.000000 0.000010 0.601562 0.000000 -1
1 -20.000000 10.000000 0.000009 0.601562 1.000000 -1
1 -30.000000 0.000000 0.000010 0.398438 0.000000 -1
1 0.000000 -27.000000 4.000011 0.101562 1.000000 -1
1 -27.000000 0.000000 4.000010 0.101562 0.000000 -1
1 -20.000000 10.000000 0.000009 0.601562 0.000000 -1
1 -10.000000 2.000000 0.000010 0.898438 0.500000 -1
1 -20.000000 12.000000 0.000009 0.898438 0.000000 -1
1 20.000000 10.000000 0.000009 0.601562 1.000000 -1
1 10.000000 2.000000 0.000010 0.898438 0.500000 -1
1 8.500000 -1.500000 0.000010 0.601562 0.500000 -1
1 30.000000 0.000000 0.000010 0.601562 1.000000 -1
1 20.000000 12.000000 0.000009 0.898438 0.000000 -1
1 20.000000 10.000000 0.000009 0.601562 0.000000 -1
1 20.000000 7.000000 4.000009 0.101562 1.000000 -1
1 30.000000 0.000000 0.000010 0.398438 0.000000 -1
1 20.000000 10.000000 0.000009 0.398438 1.000000 -1
1 6.500000 20.500000 4.000008 0.101562 1.000000 -1
1 8.500000 -1.500000 0.000010 0.398438 0.000000 -1
1 8.500000 21.500000 0.000008 0.398438 1.000000 -1
1 27.000000 0.000000 4.000010 0.101562 1.000000 -1
1 0.000000 -30.000000 0.000012 0.398438 0.000000 -1
1 30.000000 0.000000 0.000010 0.398438 1.000000 -1
1 20.000000 7.000000 4.000009 0.101562 0.000000 -1
1 8.500000 -1.500000 0.000010 0.398438 0.500000 -1
1 6.500000 -6.500000 4.000010 0.101562 0.500000 -1
1 -6.500000 -6.500000 4.000010 0.101562 1.000000 -1
1 0.000000 30.000000 0.000007 0.398438 0.000000 -1
1 -8.500000 21.500000 0.000008 0.601562 0.000000 -1
1 8.500000 21.500000 0.000008 0.601562 1.000000 -1
1 -20.000000 10.000000 0.000009 0.398438 1.000000 -1
1 -27.000000 0.000000 4.000010 0.101562 1.000000 -1
1 0.000000 -32.000000 0.000012 0.898438 1.000000 -1
1 10.000000 22.000000 0.000008 0.898438 0.000000 -1
1 0.000000 30.000000 0.000007 0.398438 1.000000 -1
1 -10.000000 22.000000 0.000008 0.898438 1.000000 -1
1 0.000000 -32.000000 0.000012 0.898438 0.000000 -1
1 -32.000000 0.000000 0.000010 0.898438 0.000000 -1
1 0.000000 -30.000000 0.000012 0.398438 1.000000 -1
1 -8.500000 -1.500000 0.000010 0.601562 0.500000 -1
1 20.000000 12.000000 0.000009 0.898438 1.000000 -1
1 32.000000 0.000000 0.000010 0.898438 1.000000 -1
1 27.000000 0.000000 4.000010 0.101562 0.000000 -1
1 6.500000 -6.500000 4.000010 0.101562 0.000000 -1
1 0.000000 -27.000000 4.000011 0.101562 0.000000 -1
1 20.000000 10.000000 0.000009 0.398438 0.000000 -1
21
-0.192900 0.440100 0.877000
-0.546200 0.219700 0.808300
-0.369100 0.156000 0.916200
-0.000000 0.587900 0.808900
-0.045400 0.012400 0.998900
-0.000000 0.238100 0.971300
-0.000000 -0.000000 1.000000
0.042700 0.067300 0.996800
-0.195100 0.242300 0.950400
-0.238100 -0.000000 0.971300
-0.000000 -0.238100 0.971300
0.238100 -0.000000 0.971300
0.020800 0.118600 0.992700
0.369100 0.156000 0.916200
0.192900 0.440100 0.877000
0.546200 0.219700 0.808300
-0.065600 -0.026600 0.997500
-0.000000 -0.587900 0.808900
-0.587900 -0.000000 0.808900
0.587900 -0.000000 0.808900
0.197700 0.239700 0.950500
40
0 0 1 2 0 1 2 1
0 3 4 5 3 2 1 1
0 6 7 8 4 5 6 1
0 9 10 11 5 7 6 1
0 12 13 14 0 3 8 1
0 15 16 17 9 3 5 1
0 18 19 20 10 6 11 1
0 21 22 23 12 13 14 1
0 24 25 26 13 3 15 1
0 27 28 29 2 16 0 1
0 30 31 32 6 10 9 1
0 33 34 35 6 9 5 1
0 36 37 38 9 17 18 1
0 39 40 41 5 16 6 1
0 42 43 44 5 12 14 1
0 45 46 47 11 6 5 1
0 48 49 50 3 11 5 1
0 51 52 53 15 14 13 1
0 54 55 56 19 10 11 1
0 57 58 59 3 14 20 1
0 0 60 1 0 8 1 1
0 3 61 4 3 5 2 1
0 6 62 7 4 2 5 1
0 9 63 10 5 13 7 1
0 12 64 13 0 5 3 1
0 15 65 16 9 18 3 1
0 18 66 19 10 6 6 1
0 21 67 22 12 7 13 1
0 24 68 25 13 5 3 1
0 27 69 28 2 4 16 1
0 30 70 31 6 6 10 1
0 33 71 34 6 6 9 1
0 36 72 37 9 10 17 1
0 39 73 40 5 0 16 1
0 42 74 43 5 6 12 1
0 45 75 46 11 6 6 1
0 48 76 49 3 19 11 1
0 51 77 52 15 20 14 1
0 54 78 55 19 17 10 1
0 57 79 58 3 5 14 1
"Frame.Black" 0 1
20
0 27.000000 0.000000 4.000010 0.953125 0.500000 -1
0 0.000000 -25.000000 4.000011 0.953125 0.500000 -1
0 0.000000 -27.000000 4.000011 0.953125 0.500000 -1
0 -25.000000 0.000000 4.000010 0.953125 0.500000 -1
0 -20.000000 5.000000 4.000009 0.953125 0.500000 -1
0 -27.000000 0.000000 4.000010 0.953125 0.500000 -1
0 -5.000000 20.000000 4.000008 0.953125 0.500000 -1
0 -6.500000 -6.500000 4.000010 0.953125 0.500000 -1
0 -5.000000 -10.000000 4.000010 0.953125 0.500000 -1
0 0.000000 25.000000 4.000008 0.953125 0.500000 -1
0 6.500000 20.500000 4.000008 0.953125 0.500000 -1
0 0.000000 27.000000 4.000008 0.953125 0.500000 -1
0 5.000000 20.000000 4.000008 0.953125 0.500000 -1
0 6.500000 -6.500000 4.000010 0.953125 0.500000 -1
0 20.000000 7.000000 4.000009 0.953125 0.500000 -1
0 25.000000 0.000000 4.000010 0.953125 0.500000 -1
0 20.000000 5.000000 4.000009 0.953125 0.500000 -1
0 -6.500000 20.500000 4.000008 0.953125 0.500000 -1
0 -20.000000 7.000000 4.000009 0.953125 0.500000 -1
0 5.000000 -10.000000 4.000010 0.953125 0.500000 -1
9
0.587900 -0.000000 0.808900
-0.000000 -0.000000 1.000000
-0.000000 -0.587900 0.808900
-0.587900 -0.000000 0.808900
-0.195100 0.242300 0.950400
0.546200 0.219700 0.808300
-0.000000 0.587900 0.808900
0.197700 0.239700 0.950500
-0.546200 0.219700 0.808300
20
0 0 1 2 0 1 2 1
0 3 2 1 1 2 1 1
0 4 5 3 1 3 1 1
0 6 7 8 1 4 1 1
0 7 4 8 4 1 1 1
0 9 10 11 1 5 6 1
0 12 13 10 1 7 5 1
0 14 15 0 6 1 0 1
0 13 16 14 7 1 6 1
0 9 17 6 1 8 1 1
0 0 15 1 0 1 1 1
0 3 5 2 1 3 2 1
0 4 18 5 1 6 3 1
0 6 17 7 1 8 4 1
0 7 18 4 4 6 1 1
0 9 12 10 1 1 5 1
0 12 19 13 1 1 7 1
0 14 16 15 6 1 1 1
0 13 19 16 7 1 1 1
0 9 11 17 1 6 8 1

Materials: 3
"Fill"
1.000000 1.000000 1.000000 1.000000
0.800000 0.800000 0.800000 1.000000
0.500000 0.500000 0.500000 1.000000
0.000000 0.000000 0.000000 1.000000
0.128000
1.000000
"textures/Fill.ini"
""
"Frame.Black"
1.000000 1.000000 1.000000 1.000000
0.800000 0.800000 0.800000 1.000000
0.500000 0.500000 0.500000 1.000000
0.000000 0.000000 0.000000 1.000000
0.128000
1.000000
"textures/FrameBlack.png"
""
"Frame.Chrome"
1.000000 1.000000 1.000000 1.000000
0.800000 0.800000 0.800000 1.000000
0.500000 0.500000 0.500000 1.000000
0.000000 0.000000 0.000000 1.000000
0.128000
1.000000
"textures/FrameChrome.ini"
""

Bones: 0
GroupComments: 0
MaterialComments: 0
BoneComments: 0
ModelComment: 0
