// MilkShape 3D ASCII

Frames: 30
Frame: 1

Meshes: 2
"frameboi" 0 0
79
3 -9.000000 1.000000 0.000000 0.125400 0.472100 -1
3 -6.000000 25.000000 6.000000 0.202600 0.855300 -1
3 -9.000000 28.000000 0.000000 0.125400 0.903200 -1
3 6.000000 25.000000 6.000000 0.202600 0.855300 -1
3 9.000000 28.000000 0.000000 0.125400 0.903200 -1
3 -19.000000 14.000000 0.000000 0.033500 0.417300 -1
3 -19.000000 11.000000 0.000000 0.033500 0.434600 -1
3 -11.000000 6.000000 0.000000 0.045700 0.466200 -1
3 -24.000000 1.000000 7.000000 0.094600 0.472100 -1
3 -25.000000 1.000000 6.000000 0.094600 0.472100 -1
3 0.000000 -23.000000 7.000000 0.094600 0.088900 -1
3 19.000000 7.000000 6.000000 0.094600 0.567900 -1
3 19.000000 6.000000 7.000000 0.094600 0.552000 -1
3 25.000000 1.000000 6.000000 0.094600 0.472100 -1
3 0.000000 -24.000000 6.000000 0.219600 0.072900 -1
3 0.000000 -25.000000 6.000000 0.202600 0.057000 -1
3 26.000000 1.000000 6.000000 0.202600 0.472100 -1
3 -6.000000 -5.000000 6.000000 0.202600 0.376300 -1
3 -19.000000 7.000000 6.000000 0.219600 0.567900 -1
3 -5.500000 -6.500000 6.000000 0.202600 0.368300 -1
3 9.000000 1.000000 0.000000 0.125400 0.472100 -1
3 19.000000 8.000000 6.000000 0.202600 0.583900 -1
3 19.000000 11.000000 0.000000 0.125400 0.631800 -1
3 0.000000 -28.000000 0.000000 0.125400 0.009100 -1
3 29.000000 1.000000 0.000000 0.125400 0.472100 -1
3 -26.000000 1.000000 6.000000 0.202600 0.472100 -1
3 5.500000 -6.500000 6.000000 0.094600 0.392300 -1
3 5.000000 24.000000 7.000000 0.094600 0.839400 -1
3 5.000000 -8.000000 7.000000 0.094600 0.408300 -1
3 5.500000 24.500000 6.000000 0.219600 0.847300 -1
3 -19.000000 8.000000 6.000000 0.202600 0.583900 -1
3 -19.000000 11.000000 0.000000 0.125400 0.631800 -1
3 -29.000000 1.000000 0.000000 0.125400 0.472100 -1
3 11.000000 30.000000 0.000000 0.079300 0.320000 -1
3 -11.000000 30.000000 -2.000000 0.045700 0.320000 -1
3 -11.000000 30.000000 0.000000 0.045700 0.320000 -1
3 -19.000000 14.000000 -2.000000 0.033500 0.417300 -1
3 11.000000 6.000000 0.000000 0.079300 0.466200 -1
3 11.000000 30.000000 -2.000000 0.079300 0.320000 -1
3 -32.000000 1.000000 0.000000 0.013500 0.497200 -1
3 0.000000 -31.000000 -2.000000 0.062500 0.693100 -1
3 0.000000 -31.000000 0.000000 0.062500 0.693100 -1
3 19.000000 14.000000 0.000000 0.091500 0.417300 -1
3 11.000000 6.000000 -2.000000 0.079300 0.466200 -1
3 -11.000000 6.000000 -2.000000 0.045700 0.466200 -1
3 32.000000 1.000000 0.000000 0.111500 0.497200 -1
3 19.000000 14.000000 -2.000000 0.091500 0.417300 -1
3 -32.000000 1.000000 -2.000000 0.013500 0.497200 -1
3 32.000000 1.000000 -2.000000 0.111500 0.497200 -1
3 -5.500000 -6.500000 6.000000 0.094600 0.352400 -1
3 -19.000000 6.000000 7.000000 0.094600 0.552000 -1
3 -5.000000 -8.000000 7.000000 0.094600 0.336400 -1
3 19.000000 11.000000 0.000000 0.091500 0.434600 -1
3 -5.000000 24.000000 7.000000 0.094600 0.839400 -1
3 -5.500000 -6.500000 6.000000 0.094600 0.392300 -1
3 -5.000000 -8.000000 7.000000 0.094600 0.408300 -1
3 -6.000000 -5.000000 6.000000 0.202600 0.392300 -1
3 -29.000000 1.000000 0.000000 0.017800 0.497200 -1
3 -9.000000 1.000000 0.000000 0.048800 0.495700 -1
3 -19.000000 7.000000 6.000000 0.094600 0.567900 -1
3 0.000000 -24.000000 6.000000 0.094600 0.072900 -1
3 24.000000 1.000000 7.000000 0.094600 0.472100 -1
3 5.500000 -6.500000 6.000000 0.094600 0.352400 -1
3 5.000000 -8.000000 7.000000 0.094600 0.336400 -1
3 6.000000 -5.000000 6.000000 0.202600 0.392300 -1
3 19.000000 7.000000 6.000000 0.219600 0.567900 -1
3 5.500000 -6.500000 6.000000 0.219600 0.352400 -1
3 -25.000000 1.000000 6.000000 0.219600 0.472100 -1
3 25.000000 1.000000 6.000000 0.219600 0.472100 -1
3 6.000000 -5.000000 6.000000 0.202600 0.376300 -1
3 5.500000 24.500000 6.000000 0.094600 0.847300 -1
3 -5.500000 24.500000 6.000000 0.219600 0.847300 -1
3 -5.500000 -6.500000 6.000000 0.219600 0.400300 -1
3 -9.000000 28.000000 0.000000 0.048800 0.332200 -1
3 0.000000 -28.000000 0.000000 0.062500 0.675800 -1
3 9.000000 28.000000 0.000000 0.076200 0.332200 -1
3 29.000000 1.000000 0.000000 0.107200 0.497200 -1
3 9.000000 1.000000 0.000000 0.076200 0.495700 -1
3 -5.500000 24.500000 6.000000 0.094600 0.847300 -1
50
-0.216613 0.634038 0.742344
-0.374225 0.187113 0.908264
-0.371391 0.742781 0.557086
0.392653 0.392653 0.831653
0.577350 0.577350 0.577350
0.000000 0.426401 0.904534
0.000000 0.000000 1.000000
0.097169 0.331756 0.938348
-0.688247 0.229416 0.688247
-0.688247 -0.229416 0.688247
0.000000 -0.707107 0.707107
0.000000 0.707107 0.707107
0.707107 0.000000 0.707107
0.000000 -0.341743 0.939793
0.447214 0.000000 0.894427
0.264906 0.264906 0.927173
0.216613 0.634038 0.742344
-0.181818 0.545455 0.818182
0.285714 0.857143 0.428571
0.000000 -0.894427 0.447214
0.894427 0.000000 0.447214
-0.442326 -0.147442 0.884652
0.742781 0.371391 0.557086
0.000000 0.624695 0.780869
0.000000 0.894427 0.447214
-0.857143 0.285714 0.428571
0.267261 0.534522 0.801784
-0.447214 0.894427 0.000000
-0.666667 0.333333 0.666667
0.000000 1.000000 0.000000
0.303296 0.165878 0.938348
0.894427 0.447214 0.000000
-0.816497 0.000000 0.577350
0.000000 -1.000000 0.000000
0.000000 -0.333333 0.942809
-0.235702 0.707107 0.666667
-0.281085 0.959683 0.000000
-0.877355 0.479842 0.000000
0.685994 0.000000 0.727607
0.316228 0.948683 0.000000
-1.000000 0.000000 0.000000
1.000000 0.000000 0.000000
0.229416 0.688247 0.688247
-0.577350 0.577350 0.577350
-0.894427 0.000000 0.447214
-0.343279 0.000000 0.939234
-0.229416 0.688247 0.688247
0.197173 0.000000 0.980369
-0.666667 0.666667 0.333333
0.371391 0.742781 0.557086
90
3 0 1 2 0 1 2 1
3 2 3 4 2 3 4 1
3 5 6 7 5 6 7 1
3 8 9 10 8 9 10 1
3 11 12 13 11 11 12 1
3 14 15 16 6 13 14 1
3 17 18 19 15 6 6 1
3 20 21 22 16 17 18 1
3 3 20 4 3 16 4 1
3 16 23 24 14 19 20 1
3 25 23 15 21 19 13 1
3 26 27 28 20 22 20 1
3 3 1 29 3 1 6 1
3 30 0 31 23 0 24 1
3 30 32 25 23 25 21 1
3 16 22 21 14 18 17 1
3 33 34 35 26 27 28 1
3 7 36 5 7 29 5 1
3 37 38 33 30 31 26 1
3 39 40 41 32 33 34 1
3 42 43 37 35 36 30 1
3 35 44 7 28 37 7 1
3 45 46 42 38 39 35 1
3 39 36 47 32 29 40 1
3 45 40 48 38 33 41 1
3 49 50 51 4 42 4 1
3 52 45 42 6 38 35 1
3 53 54 55 43 44 44 1
3 0 56 1 0 45 1 1
3 2 1 3 2 1 3 1
3 5 39 57 5 32 6 1
3 6 58 7 6 6 7 1
3 5 57 6 5 6 6 1
3 8 50 59 8 42 46 1
3 60 13 10 10 12 10 1
3 13 61 10 12 12 10 1
3 8 59 9 8 46 9 1
3 60 10 9 10 10 9 1
3 11 62 12 11 43 11 1
3 12 61 13 11 12 12 1
3 62 63 12 43 43 11 1
3 21 64 65 17 47 6 1
3 64 66 65 47 6 6 1
3 18 30 25 6 23 21 1
3 67 18 25 6 6 21 1
3 16 21 65 14 17 6 1
3 16 65 68 14 6 6 1
3 67 25 15 6 21 13 1
3 16 68 14 14 6 6 1
3 14 67 15 6 6 13 1
3 17 30 18 15 23 6 1
3 20 69 21 16 48 17 1
3 3 64 20 3 47 16 1
3 16 15 23 14 13 19 1
3 25 32 23 21 25 19 1
3 26 70 27 20 49 22 1
3 29 66 64 6 6 47 1
3 1 56 71 1 45 6 1
3 56 72 71 45 6 6 1
3 29 64 3 6 47 3 1
3 1 71 29 1 6 6 1
3 30 17 0 23 15 0 1
3 30 31 32 23 24 25 1
3 16 24 22 14 20 18 1
3 33 38 34 26 31 27 1
3 7 44 36 7 37 29 1
3 37 43 38 30 36 31 1
3 39 47 40 32 40 33 1
3 42 46 43 35 39 36 1
3 35 34 44 28 27 37 1
3 45 48 46 38 41 39 1
3 39 5 36 32 5 29 1
3 45 41 40 38 34 33 1
3 49 59 50 4 46 42 1
3 35 7 73 28 7 6 1
3 7 58 73 7 6 6 1
3 57 39 41 6 32 34 1
3 74 57 41 6 6 34 1
3 33 35 73 26 28 6 1
3 33 73 75 26 6 6 1
3 37 33 75 30 26 6 1
3 76 74 41 6 6 34 1
3 37 75 77 30 6 6 1
3 37 77 52 30 6 6 1
3 76 41 45 6 34 38 1
3 42 37 52 35 30 6 1
3 52 76 45 6 6 38 1
3 53 27 70 43 22 49 1
3 78 54 53 43 44 43 1
3 53 70 78 43 49 43 1
"colourboi" 1 1
10
0 5.000000 24.000000 7.000000 0.549100 0.455000 -1
0 0.000000 24.000000 7.000000 0.552900 0.507200 -1
0 0.000000 -23.000000 7.000000 0.517500 0.998000 -1
0 5.000000 -8.000000 7.000000 0.525100 0.789200 -1
0 24.000000 1.000000 7.000000 0.517500 0.496800 -1
0 19.000000 6.000000 7.000000 0.525100 0.496800 -1
0 -5.000000 -8.000000 7.000000 0.525100 0.789300 -1
0 -19.000000 6.000000 7.000000 0.525100 0.496900 -1
0 -24.000000 1.000000 7.000000 0.517500 0.496900 -1
0 -5.000000 24.000000 7.000000 0.549100 0.455100 -1
1
0.000000 0.000000 1.000000
8
0 0 1 2 0 0 0 1
0 3 0 2 0 0 0 1
0 3 2 4 0 0 0 1
0 5 3 4 0 0 0 1
0 6 7 8 0 0 0 1
0 6 8 2 0 0 0 1
0 6 2 1 0 0 0 1
0 9 6 1 0 0 0 1

Materials: 2
"frameboi"
0.588235 0.588235 0.588235 1.000000
0.588235 0.588235 0.588235 1.000000
0.898039 0.898039 0.898039 1.000000
0.000000 0.000000 0.000000 1.000000
0.128000
1.000000
"textures\Tap Note parts.png"
""
"colourboi"
0.588235 0.588235 0.588235 1.000000
0.588235 0.588235 0.588235 1.000000
0.898039 0.898039 0.898039 1.000000
0.000000 0.000000 0.000000 1.000000
0.128000
1.000000
"textures\Tap Note parts.ini"
""

Bones: 0
GroupComments: 0
MaterialComments: 0
BoneComments: 0
ModelComment: 0
