// MilkShape 3D ASCII

Frames: 30
Frame: 1

Meshes: 3
"default" 0 0
14
1 -10.606600 -10.606604 4.000000 0.039062 -0.062500 -1
1 17.677671 -17.677666 4.000000 0.015625 -0.187500 -1
1 10.606603 -10.606600 4.000000 0.015625 -0.062500 -1
1 10.606601 10.606603 4.000000 0.039062 -0.062500 -1
1 0.000000 0.000000 8.000000 0.039062 -0.062500 -1
1 5.656854 5.656855 8.000000 0.046875 -0.187500 -1
1 -5.656855 5.656854 8.000000 0.015625 -0.187500 -1
1 0.000000 0.000000 8.000000 0.015625 -0.062500 -1
1 -5.656853 -5.656855 8.000000 0.046875 -0.187500 -1
1 5.656855 -5.656853 8.000000 0.015625 -0.187500 -1
1 -17.677671 17.677666 4.000000 0.015625 -0.187500 -1
1 -10.606603 10.606600 4.000000 0.015625 -0.062500 -1
1 -17.677666 -17.677671 4.000000 0.046875 -0.187500 -1
1 17.677668 17.677671 4.000000 0.046875 -0.187500 -1
1
0.000000 0.000000 1.000000
12
0 0 1 2 0 0 0 1
0 1 3 2 0 0 0 1
0 4 5 6 0 0 0 1
0 7 6 8 0 0 0 1
0 7 9 5 0 0 0 1
0 4 8 9 0 0 0 1
0 10 0 11 0 0 0 1
0 3 10 11 0 0 0 1
0 0 12 1 0 0 0 1
0 1 13 3 0 0 0 1
0 10 12 0 0 0 0 1
0 3 13 10 0 0 0 1
"Frame.Chrome" 0 2
60
1 21.213207 -21.213200 0.000000 0.398438 0.000000 -1
1 19.091881 19.091885 4.000000 0.101562 1.000000 -1
1 19.091887 -19.091881 4.000000 0.101562 0.000000 -1
1 7.071069 -7.071066 8.000000 0.398438 0.000000 -1
1 -9.192387 -9.192389 4.000000 0.101562 0.650000 -1
1 9.192389 -9.192387 4.000000 0.101562 0.000000 -1
1 -21.213200 -21.213207 0.000000 0.601562 0.000000 -1
1 -22.627420 22.627413 0.000000 0.898438 1.000000 -1
1 -22.627413 -22.627420 0.000000 0.898438 0.000000 -1
1 7.071069 -7.071066 8.000000 0.601562 1.000000 -1
1 -5.656853 -5.656855 8.000000 0.898438 0.600000 -1
1 -7.071066 -7.071069 8.000000 0.601562 0.500000 -1
1 22.627413 22.627420 0.000000 0.898438 1.000000 -1
1 -21.213207 21.213200 0.000000 0.601562 0.000000 -1
1 21.213200 21.213205 0.000000 0.601562 1.000000 -1
1 9.192387 9.192389 4.000000 0.101562 0.350000 -1
1 7.071069 -7.071066 8.000000 0.398438 1.000000 -1
1 9.192389 -9.192387 4.000000 0.101562 1.000000 -1
1 19.091887 -19.091881 4.000000 0.101562 1.000000 -1
1 -21.213200 -21.213207 0.000000 0.398438 0.000000 -1
1 21.213207 -21.213200 0.000000 0.398438 1.000000 -1
1 5.656855 -5.656853 8.000000 0.898438 0.000000 -1
1 7.071066 7.071069 8.000000 0.601562 0.500000 -1
1 5.656854 5.656855 8.000000 0.898438 0.400000 -1
1 -5.656855 5.656854 8.000000 0.898438 0.000000 -1
1 -5.656853 -5.656855 8.000000 0.898438 0.400000 -1
1 -22.627413 -22.627420 0.000000 0.898438 1.000000 -1
1 21.213207 -21.213200 0.000000 0.601562 0.000000 -1
1 -21.213200 -21.213207 0.000000 0.601562 1.000000 -1
1 -19.091887 19.091881 4.000000 0.101562 1.000000 -1
1 21.213200 21.213205 0.000000 0.398438 0.000000 -1
1 -21.213207 21.213200 0.000000 0.398438 1.000000 -1
1 21.213200 21.213205 0.000000 0.601562 0.000000 -1
1 22.627420 -22.627413 0.000000 0.898438 1.000000 -1
1 22.627413 22.627420 0.000000 0.898438 0.000000 -1
1 -9.192387 -9.192389 4.000000 0.101562 0.350000 -1
1 -7.071069 7.071067 8.000000 0.398438 1.000000 -1
1 -9.192389 9.192387 4.000000 0.101562 1.000000 -1
1 -7.071069 7.071067 8.000000 0.601562 1.000000 -1
1 5.656854 5.656855 8.000000 0.898438 0.600000 -1
1 -7.071069 7.071067 8.000000 0.398438 0.000000 -1
1 9.192387 9.192389 4.000000 0.101562 0.650000 -1
1 -9.192389 9.192387 4.000000 0.101562 0.000000 -1
1 -21.213207 21.213200 0.000000 0.398438 0.000000 -1
1 -19.091879 -19.091887 4.000000 0.101562 1.000000 -1
1 -19.091887 19.091881 4.000000 0.101562 0.000000 -1
1 21.213200 21.213205 0.000000 0.398438 1.000000 -1
1 -7.071066 -7.071069 8.000000 0.398438 0.500000 -1
1 -21.213207 21.213200 0.000000 0.601562 1.000000 -1
1 5.656855 -5.656853 8.000000 0.898438 1.000000 -1
1 -22.627420 22.627413 0.000000 0.898438 0.000000 -1
1 7.071066 7.071069 8.000000 0.398438 0.500000 -1
1 -19.091879 -19.091887 4.000000 0.101562 0.000000 -1
1 7.071069 -7.071066 8.000000 0.601562 0.000000 -1
1 -7.071069 7.071067 8.000000 0.601562 0.000000 -1
1 22.627420 -22.627413 0.000000 0.898438 0.000000 -1
1 19.091881 19.091885 4.000000 0.101562 0.000000 -1
1 21.213207 -21.213200 0.000000 0.601562 1.000000 -1
1 -5.656855 5.656854 8.000000 0.898438 1.000000 -1
1 -21.213200 -21.213207 0.000000 0.398438 1.000000 -1
17
0.365956 -0.182978 0.912467
0.448790 0.224395 0.865006
0.153505 -0.307009 0.939245
0.322588 -0.322588 0.889873
-0.276793 -0.276793 0.920202
0.276793 -0.276793 0.920202
-0.182978 -0.365956 0.912467
0.000000 0.000000 1.000000
-0.213883 -0.213884 0.953157
-0.365956 0.182978 0.912467
0.182978 0.365956 0.912467
0.276793 0.276793 0.920201
0.213883 0.213884 0.953157
-0.153505 0.307009 0.939245
-0.322588 0.322588 0.889873
-0.276793 0.276793 0.920201
-0.448790 -0.224395 0.865006
32
0 0 1 2 0 1 2 1
0 3 4 5 3 4 5 1
0 6 7 8 6 7 7 1
0 9 10 11 3 7 8 1
0 12 13 14 7 9 10 1
0 15 16 17 11 3 5 1
0 18 19 20 2 6 0 1
0 21 22 23 7 12 7 1
0 24 11 25 7 8 7 1
0 26 27 28 7 0 6 1
0 29 30 31 13 10 9 1
0 32 33 34 10 7 7 1
0 35 36 37 4 14 15 1
0 38 39 22 14 7 12 1
0 40 41 42 14 11 15 1
0 43 44 45 9 16 13 1
0 0 46 1 0 10 1 1
0 3 47 4 3 8 4 1
0 6 48 7 6 9 7 1
0 9 49 10 3 7 7 1
0 12 50 13 7 7 9 1
0 15 51 16 11 12 3 1
0 18 52 19 2 16 6 1
0 21 53 22 7 3 12 1
0 24 54 11 7 14 8 1
0 26 55 27 7 7 0 1
0 29 56 30 13 1 10 1
0 32 57 33 10 0 7 1
0 35 47 36 4 8 14 1
0 38 58 39 14 7 7 1
0 40 51 41 14 12 11 1
0 43 59 44 9 6 16 1
"Frame.Black" 0 1
16
1 10.606603 -10.606600 4.000000 0.953125 0.500000 -1
1 9.192387 9.192389 4.000000 0.953125 0.500000 -1
1 9.192389 -9.192387 4.000000 0.953125 0.500000 -1
1 -9.192387 -9.192389 4.000000 0.953125 0.500000 -1
1 -19.091887 19.091881 4.000000 0.953125 0.500000 -1
1 -17.677666 -17.677671 4.000000 0.953125 0.500000 -1
1 -17.677671 17.677666 4.000000 0.953125 0.500000 -1
1 17.677668 17.677671 4.000000 0.953125 0.500000 -1
1 19.091887 -19.091881 4.000000 0.953125 0.500000 -1
1 17.677671 -17.677666 4.000000 0.953125 0.500000 -1
1 -10.606603 10.606600 4.000000 0.953125 0.500000 -1
1 -9.192389 9.192387 4.000000 0.953125 0.500000 -1
1 10.606601 10.606603 4.000000 0.953125 0.500000 -1
1 -10.606600 -10.606604 4.000000 0.953125 0.500000 -1
1 -19.091879 -19.091887 4.000000 0.953125 0.500000 -1
1 19.091881 19.091885 4.000000 0.953125 0.500000 -1
9
0.000000 0.000000 1.000000
0.276793 0.276793 0.920201
0.276793 -0.276793 0.920202
-0.276793 -0.276793 0.920202
-0.153505 0.307009 0.939245
0.153505 -0.307009 0.939245
-0.276793 0.276793 0.920201
-0.448790 -0.224395 0.865006
0.448790 0.224395 0.865006
16
0 0 1 2 0 1 2 1
0 3 0 2 3 0 2 1
0 4 5 6 4 0 0 1
0 7 4 6 0 4 0 1
0 5 8 9 0 5 0 1
0 8 7 9 5 0 0 1
0 1 10 11 1 0 6 1
0 10 3 11 0 3 6 1
0 0 12 1 0 0 1 1
0 3 13 0 3 0 0 1
0 4 14 5 4 7 0 1
0 7 15 4 0 8 4 1
0 5 14 8 0 7 5 1
0 8 15 7 5 8 0 1
0 1 12 10 1 0 0 1
0 10 13 3 0 0 3 1

Materials: 3
"Fill"
1.000000 1.000000 1.000000 1.000000
0.800000 0.800000 0.800000 1.000000
0.500000 0.500000 0.500000 1.000000
0.000000 0.000000 0.000000 1.000000
0.128000
1.000000
"textures/FrameBlack.png"
""
"Frame.Black"
1.000000 1.000000 1.000000 1.000000
0.800000 0.800000 0.800000 1.000000
0.500000 0.500000 0.500000 1.000000
0.000000 0.000000 0.000000 1.000000
0.128000
1.000000
"textures/FrameBlack.png"
""
"Frame.Chrome"
1.000000 1.000000 1.000000 1.000000
0.800000 0.800000 0.800000 1.000000
0.500000 0.500000 0.500000 1.000000
0.000000 0.000000 0.000000 1.000000
0.128000
1.000000
"textures/FrameLift.ini"
""

Bones: 0
GroupComments: 0
MaterialComments: 0
BoneComments: 0
ModelComment: 0
