// MilkShape 3D ASCII

Frames: 30
Frame: 1

Meshes: 3
"Fill" 0 0
12
0 0.000000 -3.500000 4.000005 0.015625 0.250000 -1
0 5.000000 20.000000 4.000003 0.015625 -0.187500 -1
0 0.000000 25.000000 4.000003 0.046875 -0.187500 -1
0 -5.000000 20.000000 4.000003 0.015625 -0.187500 -1
0 0.000000 -15.000000 4.000006 0.015625 -0.062500 -1
0 -25.000000 0.000000 4.000005 0.046875 -0.187500 -1
0 0.000000 -25.000000 4.000007 0.015625 -0.187500 -1
0 25.000000 0.000000 4.000005 0.046875 -0.187500 -1
0 20.000000 5.000000 4.000004 0.046875 -0.062500 -1
0 5.000000 1.500000 4.000005 0.015625 0.125000 -1
0 -5.000000 1.500000 4.000005 0.015625 0.125000 -1
0 -20.000000 5.000000 4.000004 0.046875 -0.062500 -1
1
-0.000000 -0.000000 1.000000
8
0 0 1 2 0 0 0 1
0 3 0 2 0 0 0 1
0 4 5 6 0 0 0 1
0 4 7 8 0 0 0 1
0 0 9 1 0 0 0 1
0 3 10 0 0 0 0 1
0 4 11 5 0 0 0 1
0 4 6 7 0 0 0 1
"Frame.Chrome" 0 2
88
1 -10.000000 22.000000 0.000003 0.898438 0.000000 -1
1 0.000000 30.000000 0.000003 0.601562 1.000000 -1
1 0.000000 32.000000 0.000002 0.898438 1.000000 -1
1 0.000000 -30.000000 0.000007 0.398438 0.000000 -1
1 27.000000 0.000000 4.000005 0.101562 1.000000 -1
1 0.000000 -27.000000 4.000007 0.101562 0.000000 -1
1 8.500000 21.500000 0.000003 0.398438 0.000000 -1
1 0.000000 27.000000 4.000003 0.101562 1.000000 -1
1 6.500000 20.500000 4.000003 0.101562 0.000000 -1
1 -30.000000 0.000000 0.000005 0.398438 1.000000 -1
1 -20.000000 7.000000 4.000004 0.101562 0.000000 -1
1 -20.000000 10.000000 0.000004 0.398438 0.000000 -1
1 0.000000 30.000000 0.000003 0.601562 0.000000 -1
1 10.000000 22.000000 0.000003 0.898438 1.000000 -1
1 0.000000 32.000000 0.000002 0.898438 0.000000 -1
1 0.000000 -10.000000 0.000006 0.398438 0.000000 -1
1 -20.000000 7.000000 4.000004 0.101562 1.000000 -1
1 0.000000 -13.000000 4.000006 0.101562 0.000000 -1
1 8.500000 0.500000 0.000005 0.398438 1.000000 -1
1 0.000000 -5.500000 4.000005 0.101562 0.000000 -1
1 0.000000 -8.000000 0.000005 0.398438 0.000000 -1
1 30.000000 0.000000 0.000005 0.601562 1.000000 -1
1 20.000000 12.000000 0.000004 0.898438 0.000000 -1
1 20.000000 10.000000 0.000004 0.601562 0.000000 -1
1 0.000000 -8.000000 0.000005 0.898438 1.000000 -1
1 -20.000000 10.000000 0.000004 0.601562 0.000000 -1
1 0.000000 -10.000000 0.000006 0.601562 1.000000 -1
1 10.000000 2.000000 0.000005 0.898438 1.000000 -1
1 8.500000 21.500000 0.000003 0.601562 0.000000 -1
1 8.500000 0.500000 0.000005 0.601562 1.000000 -1
1 20.000000 7.000000 4.000004 0.101562 1.000000 -1
1 30.000000 0.000000 0.000005 0.398438 0.000000 -1
1 20.000000 10.000000 0.000004 0.398438 1.000000 -1
1 -8.500000 0.500000 0.000005 0.398438 1.000000 -1
1 -6.500000 20.500000 4.000003 0.101562 0.000000 -1
1 -8.500000 21.500000 0.000003 0.398438 0.000000 -1
1 20.000000 7.000000 4.000004 0.101562 0.000000 -1
1 0.000000 -10.000000 0.000006 0.398438 1.000000 -1
1 0.000000 -13.000000 4.000006 0.101562 1.000000 -1
1 0.000000 27.000000 4.000003 0.101562 0.000000 -1
1 -8.500000 21.500000 0.000003 0.398438 1.000000 -1
1 -6.500000 20.500000 4.000003 0.101562 1.000000 -1
1 -27.000000 0.000000 4.000005 0.101562 0.000000 -1
1 0.000000 -30.000000 0.000007 0.398438 1.000000 -1
1 0.000000 -27.000000 4.000007 0.101562 1.000000 -1
1 6.500000 20.500000 4.000003 0.101562 1.000000 -1
1 8.500000 0.500000 0.000005 0.398438 0.000000 -1
1 8.500000 21.500000 0.000003 0.398438 1.000000 -1
1 -8.500000 21.500000 0.000003 0.601562 1.000000 -1
1 -10.000000 2.000000 0.000005 0.898438 0.000000 -1
1 -8.500000 0.500000 0.000005 0.601562 0.000000 -1
1 0.000000 -8.000000 0.000005 0.898438 0.000000 -1
1 20.000000 10.000000 0.000004 0.601562 1.000000 -1
1 20.000000 12.000000 0.000004 0.898438 1.000000 -1
1 -20.000000 12.000000 0.000004 0.898438 1.000000 -1
1 -30.000000 0.000000 0.000005 0.601562 0.000000 -1
1 -20.000000 10.000000 0.000004 0.601562 1.000000 -1
1 -32.000000 0.000000 0.000005 0.898438 1.000000 -1
1 0.000000 -30.000000 0.000007 0.601562 0.000000 -1
1 -30.000000 0.000000 0.000005 0.601562 1.000000 -1
1 0.000000 -30.000000 0.000007 0.601562 1.000000 -1
1 32.000000 0.000000 0.000005 0.898438 0.000000 -1
1 30.000000 0.000000 0.000005 0.601562 0.000000 -1
1 0.000000 -5.500000 4.000005 0.101562 1.000000 -1
1 -8.500000 0.500000 0.000005 0.398438 0.000000 -1
1 0.000000 -8.000000 0.000005 0.398438 1.000000 -1
1 -8.500000 21.500000 0.000003 0.601562 0.000000 -1
1 30.000000 0.000000 0.000005 0.398438 1.000000 -1
1 0.000000 30.000000 0.000003 0.398438 1.000000 -1
1 -27.000000 0.000000 4.000005 0.101562 1.000000 -1
1 8.500000 21.500000 0.000003 0.601562 1.000000 -1
1 -20.000000 10.000000 0.000004 0.398438 1.000000 -1
1 6.500000 1.000000 4.000005 0.101562 1.000000 -1
1 32.000000 0.000000 0.000005 0.898438 1.000000 -1
1 -20.000000 12.000000 0.000004 0.898438 0.000000 -1
1 10.000000 22.000000 0.000003 0.898438 0.000000 -1
1 27.000000 0.000000 4.000005 0.101562 0.000000 -1
1 -6.500000 1.000000 4.000005 0.101562 1.000000 -1
1 20.000000 10.000000 0.000004 0.398438 0.000000 -1
1 0.000000 30.000000 0.000003 0.398438 0.000000 -1
1 -30.000000 0.000000 0.000005 0.398438 0.000000 -1
1 6.500000 1.000000 4.000005 0.101562 0.000000 -1
1 -10.000000 22.000000 0.000003 0.898438 1.000000 -1
1 0.000000 -10.000000 0.000006 0.601562 0.000000 -1
1 -32.000000 0.000000 0.000005 0.898438 0.000000 -1
1 0.000000 -32.000000 0.000007 0.898438 0.000000 -1
1 0.000000 -32.000000 0.000007 0.898438 1.000000 -1
1 -6.500000 1.000000 4.000005 0.101562 0.000000 -1
19
-0.000000 -0.000000 1.000000
-0.000000 0.238100 0.971300
-0.000000 -0.238100 0.971300
0.587900 -0.000000 0.808900
-0.000000 -0.587900 0.808900
0.369100 0.156000 0.916200
-0.000000 0.587900 0.808900
0.546200 0.219700 0.808300
-0.238100 -0.000000 0.971300
0.708900 -0.281900 0.646500
-0.000000 -0.625900 0.779900
-0.000000 -0.848000 0.530000
0.238100 -0.000000 0.971300
-0.708900 -0.281900 0.646500
-0.546200 0.219700 0.808300
-0.369100 0.156000 0.916200
-0.587900 -0.000000 0.808900
0.554500 -0.242500 0.796100
-0.554500 -0.242500 0.796100
44
0 0 1 2 0 1 0 1
0 3 4 5 2 3 4 1
0 6 7 8 5 6 7 1
0 9 10 11 8 6 1 1
0 12 13 14 1 0 0 1
0 15 16 17 6 6 1 1
0 18 19 20 9 10 11 1
0 21 22 23 12 0 1 1
0 24 25 26 0 1 6 1
0 27 28 29 0 5 9 1
0 30 31 32 6 12 1 1
0 33 34 35 13 14 15 1
0 36 37 38 6 6 1 1
0 39 40 41 6 15 14 1
0 42 43 44 16 2 4 1
0 45 46 47 7 9 5 1
0 48 49 50 15 0 13 1
0 51 52 53 0 1 0 1
0 54 55 56 0 8 1 1
0 57 58 59 0 2 8 1
0 60 61 62 2 0 12 1
0 63 64 65 10 13 11 1
0 0 66 1 0 15 1 1
0 3 67 4 2 12 3 1
0 6 68 7 5 1 6 1
0 9 69 10 8 16 6 1
0 12 70 13 1 5 0 1
0 15 71 16 6 1 6 1
0 18 72 19 9 17 10 1
0 21 73 22 12 0 0 1
0 24 74 25 0 0 1 1
0 27 75 28 0 0 5 1
0 30 76 31 6 3 12 1
0 33 77 34 13 18 14 1
0 36 78 37 6 1 6 1
0 39 79 40 6 1 15 1
0 42 80 43 16 8 2 1
0 45 81 46 7 17 9 1
0 48 82 49 15 0 0 1
0 51 83 52 0 6 1 1
0 54 84 55 0 0 8 1
0 57 85 58 0 0 2 1
0 60 86 61 2 0 0 1
0 63 87 64 10 18 13 1
"Frame.Black" 0 1
24
0 5.000000 20.000000 4.000003 0.953125 0.500000 -1
0 6.500000 1.000000 4.000005 0.953125 0.500000 -1
0 6.500000 20.500000 4.000003 0.953125 0.500000 -1
0 0.000000 -13.000000 4.000006 0.953125 0.500000 -1
0 20.000000 5.000000 4.000004 0.953125 0.500000 -1
0 20.000000 7.000000 4.000004 0.953125 0.500000 -1
0 -20.000000 5.000000 4.000004 0.953125 0.500000 -1
0 0.000000 -15.000000 4.000006 0.953125 0.500000 -1
0 25.000000 0.000000 4.000005 0.953125 0.500000 -1
0 27.000000 0.000000 4.000005 0.953125 0.500000 -1
0 0.000000 25.000000 4.000003 0.953125 0.500000 -1
0 -25.000000 0.000000 4.000005 0.953125 0.500000 -1
0 0.000000 -27.000000 4.000007 0.953125 0.500000 -1
0 0.000000 -25.000000 4.000007 0.953125 0.500000 -1
0 0.000000 -3.500000 4.000005 0.953125 0.500000 -1
0 -6.500000 1.000000 4.000005 0.953125 0.500000 -1
0 0.000000 -5.500000 4.000005 0.953125 0.500000 -1
0 -6.500000 20.500000 4.000003 0.953125 0.500000 -1
0 -5.000000 20.000000 4.000003 0.953125 0.500000 -1
0 -20.000000 7.000000 4.000004 0.953125 0.500000 -1
0 -27.000000 0.000000 4.000005 0.953125 0.500000 -1
0 5.000000 1.500000 4.000005 0.953125 0.500000 -1
0 0.000000 27.000000 4.000003 0.953125 0.500000 -1
0 -5.000000 1.500000 4.000005 0.953125 0.500000 -1
11
-0.000000 -0.000000 1.000000
0.554500 -0.242500 0.796100
0.546200 0.219700 0.808300
-0.000000 0.238100 0.971300
-0.000000 0.587900 0.808900
0.587900 -0.000000 0.808900
-0.000000 -0.587900 0.808900
-0.554500 -0.242500 0.796100
-0.000000 -0.625900 0.779900
-0.546200 0.219700 0.808300
-0.587900 -0.000000 0.808900
24
0 0 1 2 0 1 2 1
0 3 4 5 3 0 4 1
0 3 6 7 3 0 0 1
0 5 8 9 4 0 5 1
0 2 10 0 2 0 0 1
0 11 12 13 0 6 0 1
0 14 15 16 0 7 8 1
0 10 17 18 0 9 0 1
0 11 19 20 0 4 10 1
0 14 1 21 0 1 0 1
0 12 8 13 6 0 0 1
0 15 18 17 7 0 9 1
0 0 21 1 0 0 1 1
0 3 7 4 3 0 0 1
0 3 19 6 3 4 0 1
0 5 4 8 4 0 0 1
0 2 22 10 2 4 0 1
0 11 20 12 0 10 6 1
0 14 23 15 0 0 7 1
0 10 22 17 0 4 9 1
0 11 6 19 0 0 4 1
0 14 16 1 0 8 1 1
0 12 9 8 6 5 0 1
0 15 23 18 7 0 0 1

Materials: 3
"Fill"
1.000000 1.000000 1.000000 1.000000
0.800000 0.800000 0.800000 1.000000
0.500000 0.500000 0.500000 1.000000
0.000000 0.000000 0.000000 1.000000
0.128000
1.000000
"textures/Fill.ini"
""
"Frame.Black"
1.000000 1.000000 1.000000 1.000000
0.800000 0.800000 0.800000 1.000000
0.500000 0.500000 0.500000 1.000000
0.000000 0.000000 0.000000 1.000000
0.128000
1.000000
"textures/FrameBlack.png"
""
"Frame.Chrome"
1.000000 1.000000 1.000000 1.000000
0.800000 0.800000 0.800000 1.000000
0.500000 0.500000 0.500000 1.000000
0.000000 0.000000 0.000000 1.000000
0.128000
1.000000
"textures/FrameChrome.ini"
""

Bones: 0
GroupComments: 0
MaterialComments: 0
BoneComments: 0
ModelComment: 0
