// MilkShape 3D ASCII

Frames: 30
Frame: 1

Meshes: 2
"red" 0 0
17
1 0.000000 0.000000 -0.750000 0.308600 0.752000 -1
1 -8.534376 -3.534375 -0.750003 -0.000000 0.752000 -1
1 -6.655001 -6.655001 -0.750003 -0.000000 0.752000 -1
1 -3.534375 -8.534376 -0.750006 -0.000000 0.752000 -1
1 0.000000 -9.413751 -0.750006 -0.000000 0.752000 -1
1 3.534375 -8.534376 -0.750006 -0.000000 0.752000 -1
1 6.655001 -6.655001 -0.750003 -0.000000 0.752000 -1
1 8.534376 -3.534375 -0.750003 -0.000000 0.752000 -1
1 9.413751 0.000000 -0.750000 -0.000000 0.752000 -1
1 8.534376 3.534375 -0.749997 -0.000000 0.752000 -1
1 6.655001 6.655001 -0.749997 -0.000000 0.752000 -1
1 3.534375 8.534376 -0.749994 -0.000000 0.752000 -1
1 0.000000 9.413751 -0.749994 -0.000000 0.752000 -1
1 -3.534375 8.534376 -0.749994 -0.000000 0.752000 -1
1 -6.655001 6.655001 -0.749997 -0.000000 0.752000 -1
1 -8.534376 3.534375 -0.749997 -0.000000 0.752000 -1
1 -9.413751 0.000000 -0.750000 -0.000000 0.752000 -1
15
-0.000000 -0.000001 1.000000
-0.000000 -0.000001 1.000000
0.000000 -0.000001 1.000000
0.000000 -0.000001 1.000000
0.000000 -0.000001 1.000000
-0.000000 -0.000001 1.000000
-0.000000 -0.000001 1.000000
0.000000 -0.000001 1.000000
0.000000 -0.000001 1.000000
-0.000000 -0.000001 1.000000
0.000000 -0.000001 1.000000
0.000000 -0.000001 1.000000
-0.000000 -0.000001 1.000000
-0.000000 -0.000001 1.000000
0.000000 -0.000001 1.000000
16
0 0 1 2 0 1 2 1
0 0 3 4 0 3 4 1
0 0 5 6 0 5 6 1
0 0 7 8 0 7 8 1
0 0 9 10 0 9 10 1
0 0 11 12 0 11 4 1
0 0 13 14 0 12 13 1
0 0 14 15 0 13 14 1
0 13 0 12 12 0 4 1
0 15 16 0 14 8 0 1
0 1 0 16 1 0 8 1
0 3 0 2 3 0 2 1
0 5 0 4 5 0 4 1
0 7 0 6 7 0 6 1
0 9 0 8 9 0 8 1
0 11 0 10 11 0 10 1
"mine" 0 1
72
1 12.655257 0.317704 5.415730 0.850500 0.245900 0
1 11.993406 3.596670 5.415732 0.832200 0.200500 0
1 5.160517 0.321467 0.026768 0.642900 0.245900 0
1 10.809822 6.678708 5.415732 0.799400 0.157900 0
1 4.332712 2.904209 0.026769 0.620000 0.210100 0
1 4.869209 1.673353 0.026768 0.634900 0.227200 0
1 8.679163 9.113899 5.415734 0.740400 0.124100 0
1 6.173537 11.127104 5.415737 0.671000 0.096300 0
1 2.398445 4.647846 0.026770 0.566400 0.186000 0
1 3.454632 3.883035 0.026770 0.595700 0.196600 0
1 3.021067 12.193230 5.415737 0.583700 0.081500 0
1 -0.257898 12.715494 5.415737 0.492900 0.074300 0
1 -0.261658 5.220761 0.026770 0.492800 0.178000 0
1 1.090227 5.071075 0.026770 0.530200 0.180100 0
1 -3.536862 12.053644 5.415737 0.402000 0.083400 0
1 -6.618901 10.870062 5.415734 0.316700 0.099800 0
1 -2.844399 4.392957 0.026770 0.421200 0.189500 0
1 -1.613543 4.929453 0.026770 0.455300 0.182100 0
1 -9.054092 8.739405 5.415734 0.249200 0.129300 0
1 -11.067296 6.233779 5.415732 0.193500 0.164000 0
1 -4.588036 2.458691 0.026769 0.372900 0.216300 0
1 -3.823225 3.514877 0.026770 0.394100 0.201700 0
1 -12.133424 3.081310 5.415730 0.164000 0.207700 0
1 -12.655691 -0.197656 5.415730 0.149500 0.253100 0
1 -5.160951 -0.201413 0.026768 0.357100 0.253100 0
1 -5.011264 1.150473 0.026768 0.361200 0.234400 0
1 -11.993840 -3.476621 5.415729 0.167800 0.298500 0
1 -10.810254 -6.558659 5.415727 0.200600 0.341200 0
1 -4.333146 -2.784156 0.026767 0.380000 0.288900 0
1 -4.869643 -1.553299 0.026767 0.365100 0.271900 0
1 -8.679596 -8.993854 5.415725 0.259600 0.374900 0
1 -6.173971 -11.007056 5.415724 0.329000 0.402800 0
1 -2.398880 -4.527792 0.026766 0.433600 0.313000 0
1 -3.455066 -3.762981 0.026766 0.404300 0.302500 0
1 -3.021501 -12.073185 5.415724 0.416300 0.417500 0
1 0.257464 -12.595450 5.415724 0.507100 0.424800 0
1 0.261223 -5.100706 0.026766 0.507200 0.321000 0
1 -1.090663 -4.951021 0.026766 0.469800 0.318900 0
1 3.536428 -11.933598 5.415724 0.597900 0.415600 0
1 6.618466 -10.750013 5.415724 0.683300 0.399200 0
1 2.843965 -4.272902 0.026766 0.578800 0.309500 0
1 1.613109 -4.809398 0.026766 0.544700 0.316900 0
1 9.053659 -8.619353 5.415726 0.750800 0.369700 0
1 11.066862 -6.113729 5.415727 0.806500 0.335000 0
1 4.587602 -2.338636 0.026767 0.627100 0.282700 0
1 3.822791 -3.394822 0.026766 0.605900 0.297400 0
1 12.132990 -2.961262 5.415729 0.836000 0.291400 0
1 5.010829 -1.030418 0.026768 0.638800 0.264600 0
1 16.270594 -4.788370 5.415729 0.950600 0.316700 0
1 17.146034 -0.349846 5.415730 0.974900 0.255200 0
1 14.625202 -8.931504 5.415725 0.905100 0.374000 0
1 11.739559 -12.256924 5.415724 0.825100 0.420100 0
1 8.292858 -14.964989 5.415722 0.729700 0.457600 0
1 4.028440 -16.432808 5.415722 0.611600 0.477900 0
1 -0.410086 -17.086227 5.415721 0.488600 0.487000 0
1 -4.848612 -16.210789 5.415722 0.365700 0.474800 0
1 -8.991746 -14.565397 5.415722 0.251000 0.452000 0
1 -12.317165 -11.679754 5.415724 0.158900 0.412100 0
1 -15.025232 -8.233049 5.415726 0.083900 0.364400 0
1 -16.493048 -3.968632 5.415729 0.043200 0.305300 0
1 -17.146469 0.469894 5.415730 0.025100 0.243800 0
1 -16.271029 4.908422 5.415732 0.049400 0.182400 0
1 -14.625635 9.051557 5.415734 0.094900 0.125000 0
1 -11.739992 12.376972 5.415737 0.174800 0.078900 0
1 -8.293291 15.085038 5.415738 0.270300 0.041400 0
1 -4.028873 16.552856 5.415739 0.388400 0.021100 0
1 0.409653 17.206274 5.415739 0.511300 0.012100 0
1 4.848179 16.330833 5.415738 0.634300 0.024200 0
1 8.991312 14.685440 5.415738 0.749000 0.047000 0
1 12.316730 11.799799 5.415737 0.841100 0.086900 0
1 15.024797 8.353098 5.415734 0.916100 0.134700 0
1 16.492615 4.088680 5.415732 0.956800 0.193700 0
72
-0.306639 0.007123 0.951799
-0.299836 -0.079557 0.950668
-0.582024 -0.059183 0.811015
-0.269335 -0.146632 0.951818
-0.475453 -0.340285 0.811265
-0.556358 -0.190498 0.808812
-0.219920 -0.218134 0.950817
-0.158515 -0.262447 0.951837
-0.239041 -0.533938 0.811030
-0.384761 -0.443590 0.809436
-0.081437 -0.299328 0.950668
-0.007123 -0.306640 0.951799
0.059184 -0.582025 0.811015
-0.113243 -0.576982 0.808868
0.079556 -0.299836 0.950668
0.146631 -0.269336 0.951818
0.340284 -0.475453 0.811265
0.190497 -0.556359 0.808811
0.218133 -0.219921 0.950817
0.262447 -0.158515 0.951837
0.533938 -0.239041 0.811030
0.443589 -0.384761 0.809437
0.299328 -0.081438 0.950669
0.306639 -0.007123 0.951799
0.582024 0.059183 0.811015
0.576981 -0.113243 0.808869
0.299836 0.079556 0.950668
0.269335 0.146631 0.951818
0.475453 0.340283 0.811265
0.556358 0.190497 0.808812
0.219920 0.218133 0.950817
0.158515 0.262446 0.951838
0.239040 0.533937 0.811031
0.384761 0.443589 0.809437
0.081437 0.299328 0.950669
0.007123 0.306639 0.951799
-0.059184 0.582024 0.811015
0.113242 0.576981 0.808869
-0.079556 0.299835 0.950668
-0.146632 0.269335 0.951818
-0.340284 0.475453 0.811265
-0.190497 0.556358 0.808812
-0.218133 0.219920 0.950817
-0.262447 0.158514 0.951838
-0.533938 0.239040 0.811030
-0.443589 0.384761 0.809437
-0.299328 0.081437 0.950669
-0.576981 0.113242 0.808869
-0.000000 -0.000001 1.000000
-0.000000 -0.000000 1.000000
-0.000000 -0.000001 1.000000
-0.000000 -0.000001 1.000000
0.000000 -0.000000 1.000000
0.000000 -0.000000 1.000000
-0.000000 -0.000000 1.000000
-0.000000 -0.000000 1.000000
0.000000 -0.000000 1.000000
0.000000 -0.000001 1.000000
0.000000 -0.000001 1.000000
0.000000 -0.000000 1.000000
0.000000 -0.000000 1.000000
0.000000 -0.000001 1.000000
0.000000 -0.000001 1.000000
0.000000 -0.000001 1.000000
-0.000000 -0.000001 1.000000
0.000000 -0.000000 1.000000
0.000000 -0.000000 1.000000
-0.000000 -0.000000 1.000000
0.000000 -0.000001 1.000000
-0.000000 -0.000001 1.000000
-0.000000 -0.000001 1.000000
0.000000 -0.000001 1.000000
96
0 0 1 2 0 1 2 1
0 3 4 5 3 4 5 1
0 3 6 4 3 6 4 1
0 7 8 9 7 8 9 1
0 7 10 8 7 10 8 1
0 11 12 13 11 12 13 1
0 11 14 12 11 14 12 1
0 15 16 17 15 16 17 1
0 15 18 16 15 18 16 1
0 19 20 21 19 20 21 1
0 19 22 20 19 22 20 1
0 23 24 25 23 24 25 1
0 23 26 24 23 26 24 1
0 27 28 29 27 28 29 1
0 27 30 28 27 30 28 1
0 31 32 33 31 32 33 1
0 31 34 32 31 34 32 1
0 35 36 37 35 36 37 1
0 35 38 36 35 38 36 1
0 39 40 41 39 40 41 1
0 39 42 40 39 42 40 1
0 43 44 45 43 44 45 1
0 43 46 44 43 46 44 1
0 0 2 47 0 2 47 1
0 44 46 47 44 46 47 1
0 46 0 47 46 0 47 1
0 40 42 45 40 42 45 1
0 42 43 45 42 43 45 1
0 36 38 41 36 38 41 1
0 38 39 41 38 39 41 1
0 32 34 37 32 34 37 1
0 34 35 37 34 35 37 1
0 28 30 33 28 30 33 1
0 30 31 33 30 31 33 1
0 24 26 29 24 26 29 1
0 26 27 29 26 27 29 1
0 20 22 25 20 22 25 1
0 22 23 25 22 23 25 1
0 16 18 21 16 18 21 1
0 18 19 21 18 19 21 1
0 12 14 17 12 14 17 1
0 14 15 17 14 15 17 1
0 8 10 13 8 10 13 1
0 10 11 13 10 11 13 1
0 4 6 9 4 6 9 1
0 6 7 9 6 7 9 1
0 2 1 5 2 1 5 1
0 1 3 5 1 3 5 1
0 48 46 43 48 46 43 1
0 48 49 46 48 49 46 1
0 49 0 46 49 0 46 1
0 50 48 43 50 48 43 1
0 51 42 39 51 42 39 1
0 51 50 42 51 50 42 1
0 50 43 42 50 43 42 1
0 52 51 39 52 51 39 1
0 53 38 35 53 38 35 1
0 53 52 38 53 52 38 1
0 52 39 38 52 39 38 1
0 54 53 35 54 53 35 1
0 55 34 31 55 34 31 1
0 55 54 34 55 54 34 1
0 54 35 34 54 35 34 1
0 56 55 31 56 55 31 1
0 57 30 27 57 30 27 1
0 57 56 30 57 56 30 1
0 56 31 30 56 31 30 1
0 58 57 27 58 57 27 1
0 59 26 23 59 26 23 1
0 59 58 26 59 58 26 1
0 58 27 26 58 27 26 1
0 60 59 23 60 59 23 1
0 61 22 19 61 22 19 1
0 61 60 22 61 60 22 1
0 60 23 22 60 23 22 1
0 62 61 19 62 61 19 1
0 63 18 15 63 18 15 1
0 63 62 18 63 62 18 1
0 62 19 18 62 19 18 1
0 64 63 15 64 63 15 1
0 65 14 11 65 14 11 1
0 65 64 14 65 64 14 1
0 64 15 14 64 15 14 1
0 66 65 11 66 65 11 1
0 67 10 7 67 10 7 1
0 67 66 10 67 66 10 1
0 66 11 10 66 11 10 1
0 68 67 7 68 67 7 1
0 69 6 3 69 6 3 1
0 69 68 6 69 68 6 1
0 68 7 6 68 7 6 1
0 70 69 3 70 69 3 1
0 71 1 0 71 1 0 1
0 71 70 1 71 70 1 1
0 70 3 1 70 3 1 1
0 49 71 0 49 71 0 1

Materials: 2
"red"
0.200000 0.200000 0.200000 1.000000
0.800000 0.800000 0.800000 1.000000
0.000000 0.000000 0.000000 1.000000
0.000000 0.000000 0.000000 1.000000
0.128000
1.000000
"_mine ani tex.ini"
""
"mine"
0.200000 0.200000 0.200000 1.000000
0.800000 0.800000 0.800000 1.000000
0.000000 0.000000 0.000000 1.000000
0.000000 0.000000 0.000000 1.000000
0.128000
1.000000
"_mine tex.png"
""

Bones: 1
"joint1"
""
24 0.000000 0.000000 0.000000 0.000000 -0.000000 0.000000
2
1.000000 0.000000 0.000000 0.000000
120.000000 0.000000 0.000000 0.000000
3
1.000000 0.000000 -0.000000 0.000000
60.000000 0.000000 -0.000000 3.100000
120.000000 0.000000 0.000000 -0.083185
GroupComments: 0
MaterialComments: 0
BoneComments: 0
ModelComment: 0
