// MilkShape 3D ASCII

Frames: 30
Frame: 1

Meshes: 3
"Body" 0 1
46
0 2.000000 21.500000 0.000000 0.061506 0.067418 -1
0 2.500000 29.000000 0.000000 0.062027 0.004392 -1
0 -2.500000 29.000000 0.000000 0.056819 0.004392 -1
0 -2.000000 21.500000 0.000000 0.057340 0.067418 -1
0 1.500000 5.000000 0.000000 0.060986 0.206073 -1
0 1.000000 6.500000 0.000000 0.060465 0.193468 -1
0 -1.000000 6.500000 0.000000 0.058381 0.193468 -1
0 -1.500000 5.000000 0.000000 0.057861 0.206073 -1
0 4.000000 7.500000 0.000000 0.063590 0.185065 -1
0 4.000000 9.500000 0.000000 0.063590 0.168258 -1
0 4.000000 19.500000 0.000000 0.063590 0.084224 -1
0 9.000000 22.500000 0.000000 0.068798 0.059014 -1
0 4.000000 -6.500000 0.000000 0.063590 0.302712 -1
0 9.000000 1.500000 0.000000 0.068798 0.235485 -1
0 19.000000 4.000000 0.000000 0.079215 0.214476 -1
0 18.500000 11.000000 0.000000 0.078694 0.155653 -1
0 8.500000 -7.000000 0.000000 0.068277 0.306913 -1
0 5.500000 -7.000000 0.000000 0.065152 0.306913 -1
0 1.500000 -9.000000 0.000000 0.060986 0.323720 -1
0 1.000000 -11.500000 0.000000 0.060465 0.344729 -1
0 -1.000000 -11.500000 0.000000 0.058381 0.344729 -1
0 -1.500000 -9.000000 0.000000 0.057861 0.323720 -1
0 0.000000 -30.500000 0.000000 0.059423 0.504392 -1
0 30.000000 -0.500000 0.000000 0.090673 0.252292 -1
0 23.000000 0.000000 0.000000 0.083381 0.248090 -1
0 0.000000 -23.000000 0.000000 0.059423 0.441367 -1
0 30.000000 1.500000 0.000000 0.090673 0.235485 -1
0 23.000000 1.000000 0.000000 0.083381 0.239687 -1
0 20.500000 11.000000 0.000000 0.080777 0.155653 -1
0 20.000000 4.000000 0.000000 0.080256 0.214476 -1
0 -4.000000 9.500000 0.000000 0.055256 0.168258 -1
0 -4.000000 7.500000 0.000000 0.055256 0.185065 -1
0 -9.000000 22.500000 0.000000 0.050048 0.059014 -1
0 -4.000000 19.500000 0.000000 0.055256 0.084224 -1
0 -9.000000 1.500000 0.000000 0.050048 0.235485 -1
0 -4.000000 -6.500000 0.000000 0.055256 0.302712 -1
0 -18.500000 11.000000 0.000000 0.040152 0.155653 -1
0 -19.000000 4.000000 0.000000 0.039631 0.214476 -1
0 -8.500000 -7.000000 0.000000 0.050569 0.306913 -1
0 -5.500000 -7.000000 0.000000 0.053694 0.306913 -1
0 -23.000000 0.000000 0.000000 0.035465 0.248090 -1
0 -30.000000 -0.500000 0.000000 0.028173 0.252292 -1
0 -30.000000 1.500000 0.000000 0.028173 0.235485 -1
0 -23.000000 1.000000 0.000000 0.035465 0.239687 -1
0 -20.000000 4.000000 0.000000 0.038590 0.214476 -1
0 -20.500000 11.000000 0.000000 0.038069 0.155653 -1
1
0.000000 0.000000 1.000000
48
0 0 1 2 0 0 0 1
0 2 3 0 0 0 0 1
0 4 5 6 0 0 0 1
0 7 4 6 0 0 0 1
0 8 9 5 0 0 0 1
0 4 8 5 0 0 0 1
0 10 11 1 0 0 0 1
0 10 1 0 0 0 0 1
0 12 13 11 0 0 0 1
0 11 10 12 0 0 0 1
0 14 15 13 0 0 0 1
0 16 14 13 0 0 0 1
0 17 16 13 0 0 0 1
0 12 17 13 0 0 0 1
0 18 19 17 0 0 0 1
0 12 18 17 0 0 0 1
0 20 19 18 0 0 0 1
0 21 20 18 0 0 0 1
0 22 23 24 0 0 0 1
0 22 24 25 0 0 0 1
0 23 26 24 0 0 0 1
0 26 27 24 0 0 0 1
0 28 29 27 0 0 0 1
0 28 27 26 0 0 0 1
0 14 29 28 0 0 0 1
0 14 28 15 0 0 0 1
0 15 28 28 0 0 0 1
0 6 30 31 0 0 0 1
0 6 31 7 0 0 0 1
0 2 32 33 0 0 0 1
0 3 2 33 0 0 0 1
0 32 34 35 0 0 0 1
0 35 33 32 0 0 0 1
0 34 36 37 0 0 0 1
0 34 37 38 0 0 0 1
0 34 38 39 0 0 0 1
0 34 39 35 0 0 0 1
0 39 20 21 0 0 0 1
0 39 21 35 0 0 0 1
0 40 41 22 0 0 0 1
0 25 40 22 0 0 0 1
0 40 42 41 0 0 0 1
0 40 43 42 0 0 0 1
0 43 44 45 0 0 0 1
0 42 43 45 0 0 0 1
0 45 44 37 0 0 0 1
0 36 45 37 0 0 0 1
0 45 45 36 0 0 0 1
"Glow" 0 2
4
0 -32.000000 31.500000 -0.500000 0.000000 0.000000 -1
0 32.000000 -32.500000 -0.500000 0.125000 1.000000 -1
0 32.000000 31.500000 -0.500000 0.125000 0.000000 -1
0 -32.000000 -32.500000 -0.500000 0.000000 1.000000 -1
1
0.000000 0.000000 1.000000
2
0 0 1 2 0 0 0 1
0 0 3 1 0 0 0 1
"Frame" 0 0
30
0 2.500000 29.000000 0.000000 0.067383 0.038999 -1
0 2.500000 31.000000 -8.000000 0.067383 0.007741 -1
0 -2.500000 31.000000 -8.000000 0.057617 0.007741 -1
0 -2.500000 29.000000 0.000000 0.057617 0.038999 -1
0 9.000000 22.500000 0.000000 0.080078 0.140588 -1
0 11.000000 22.500000 -8.000000 0.083984 0.140588 -1
0 9.000000 1.500000 0.000000 0.080078 0.468798 -1
0 11.000000 5.500000 -8.000000 0.083984 0.406281 -1
0 18.500000 11.000000 0.000000 0.098633 0.320322 -1
0 18.500000 13.000000 -8.000000 0.098633 0.289063 -1
0 20.500000 11.000000 0.000000 0.102539 0.320322 -1
0 20.500000 13.000000 -8.000000 0.102539 0.289063 -1
0 30.000000 1.500000 0.000000 0.121094 0.468798 -1
0 32.000000 1.500000 -8.000000 0.125000 0.468798 -1
0 32.000000 -0.500000 -8.000000 0.125000 0.500056 -1
0 30.000000 -0.500000 0.000000 0.121094 0.500056 -1
0 0.000000 -30.500000 0.000000 0.062500 0.968926 -1
0 0.000000 -32.500000 -8.000000 0.062500 1.000185 -1
0 -11.000000 22.500000 -8.000000 0.041016 0.140588 -1
0 -9.000000 22.500000 0.000000 0.044922 0.140588 -1
0 -11.000000 5.500000 -8.000000 0.041016 0.406281 -1
0 -9.000000 1.500000 0.000000 0.044922 0.468798 -1
0 -18.500000 13.000000 -8.000000 0.026367 0.289063 -1
0 -18.500000 11.000000 0.000000 0.026367 0.320322 -1
0 -20.500000 13.000000 -8.000000 0.022461 0.289063 -1
0 -20.500000 11.000000 0.000000 0.022461 0.320322 -1
0 -32.000000 1.500000 -8.000000 0.000000 0.468798 -1
0 -30.000000 1.500000 0.000000 0.003906 0.468798 -1
0 -32.000000 -0.500000 -8.000000 0.000000 0.500056 -1
0 -30.000000 -0.500000 0.000000 0.003906 0.500056 -1
20
0.248193 0.939787 0.234947
0.496386 0.842183 0.210546
-0.375672 0.899082 0.224771
0.000000 0.970142 0.242536
0.842183 0.496386 0.210546
0.939787 0.248193 0.234947
0.792035 0.443339 0.419679
-0.268991 0.886679 0.376092
-0.496386 0.842183 0.210546
-0.248193 0.939787 0.234947
0.899082 0.375672 0.224771
0.899082 -0.375672 0.224771
0.000000 -0.970142 0.242536
-0.939787 0.248193 0.234947
-0.842183 0.496386 0.210546
-0.696311 0.696311 0.174078
0.268991 0.886679 0.376092
-0.792035 0.443339 0.419679
-0.899082 0.375672 0.224771
-0.899082 -0.375672 0.224771
30
0 0 1 2 0 1 2 1
0 3 0 2 3 0 2 1
0 4 5 1 4 5 1 1
0 1 0 4 1 0 4 1
0 6 7 5 6 7 5 1
0 5 4 6 5 4 6 1
0 8 9 7 8 9 7 1
0 7 6 8 7 6 8 1
0 10 11 9 0 1 9 1
0 9 8 10 9 8 0 1
0 12 13 11 10 10 1 1
0 11 10 12 1 0 10 1
0 14 13 12 11 10 10 1
0 12 15 14 10 11 11 1
0 16 17 14 12 12 11 1
0 14 15 16 11 11 12 1
0 2 18 19 2 13 14 1
0 19 3 2 14 15 2 1
0 18 20 21 13 16 17 1
0 21 19 18 17 14 13 1
0 20 22 23 16 0 1 1
0 23 21 20 1 17 16 1
0 22 24 25 0 8 9 1
0 25 23 22 9 1 0 1
0 24 26 27 8 18 18 1
0 27 25 24 18 9 8 1
0 27 26 28 18 18 19 1
0 28 29 27 19 19 18 1
0 28 17 16 19 12 12 1
0 16 29 28 12 19 19 1

Materials: 3
"Frame"
0.200000 0.200000 0.200000 1.000000
0.800000 0.800000 0.800000 1.000000
0.000000 0.000000 0.000000 1.000000
0.000000 0.000000 0.000000 1.000000
128.000000
1.000000
"textures\Frame.png"
""
"Gradient"
0.200000 0.200000 0.200000 1.000000
0.800000 0.800000 0.800000 1.000000
0.000000 0.000000 0.000000 1.000000
0.000000 0.000000 0.000000 1.000000
128.000000
1.000000
"textures\Gradient.ini"
""
"Glow"
0.200000 0.200000 0.200000 1.000000
0.800000 0.800000 0.800000 1.000000
0.000000 0.000000 0.000000 1.000000
0.000000 0.000000 0.000000 1.000000
128.000000
1.000000
"textures\Glow0.png"
""

Bones: 0
GroupComments: 0
MaterialComments: 0
BoneComments: 0
ModelComment: 0
