// MilkShape 3D ASCII

Frames: 30
Frame: 1

Meshes: 3
"default" 0 0
26
0 -23.000000 0.000001 4.000008 0.023437 0.281250 -1
0 0.000000 23.000002 3.999998 0.023437 0.281250 -1
0 -1.500000 23.000002 3.999998 0.031250 0.281250 -1
0 23.000000 0.000001 4.000004 0.023437 0.281250 -1
0 0.000000 -22.999998 4.000013 0.023437 0.281250 -1
0 1.500000 -22.999998 4.000013 0.031250 0.281250 -1
0 -1.500000 -22.999998 4.000013 0.031250 0.281250 -1
0 1.500000 23.000002 3.999998 0.031250 0.281250 -1
0 -0.500000 -7.999997 8.500008 0.031250 0.281250 -1
0 0.000000 0.000003 8.500006 0.015625 0.218750 -1
0 -8.000000 0.000003 8.500007 0.023437 0.281250 -1
0 0.500000 8.000002 8.500004 0.031250 0.281250 -1
0 8.000000 0.000003 8.500005 0.023437 0.281250 -1
0 0.000000 8.000002 8.500004 0.023437 0.281250 -1
0 -8.000000 0.500003 8.500007 0.031250 0.281250 -1
0 0.000000 -7.999997 8.500008 0.023437 0.281250 -1
0 8.000000 -0.499997 8.500005 0.031250 0.281250 -1
0 -23.000000 1.500001 4.000007 0.031250 0.281250 -1
0 0.000000 0.000001 4.000006 0.015625 0.218750 -1
0 23.000000 -1.499999 4.000004 0.031250 0.281250 -1
0 -23.000000 -1.499999 4.000008 0.031250 0.281250 -1
0 23.000000 1.500001 4.000003 0.031250 0.281250 -1
0 -8.000000 -0.499997 8.500006 0.031250 0.281250 -1
0 8.000000 0.500003 8.500005 0.031250 0.281250 -1
0 -0.500000 8.000002 8.500004 0.031250 0.281250 -1
0 0.500000 -7.999997 8.500008 0.031250 0.281250 -1
14
-0.000000 -0.000000 1.000000
0.181600 0.846800 0.499900
-0.753000 0.427600 0.500100
-0.801200 -0.496900 0.333300
0.933400 0.133000 0.333300
-0.342600 -0.709800 -0.615500
-0.441400 -0.833100 -0.333300
-0.000000 -0.000000 -1.000000
0.759000 -0.212600 -0.615400
0.441400 0.833100 0.333300
0.022000 0.118500 -0.992700
-0.085700 0.084800 -0.992700
0.801300 0.496900 -0.333300
-0.933400 -0.132900 -0.333300
24
0 0 1 2 0 0 1 1
0 3 4 5 0 0 2 1
0 0 6 4 0 3 0 1
0 3 7 1 0 4 0 1
0 8 9 10 5 6 7 1
0 11 9 12 8 6 7 1
0 13 14 10 7 7 7 1
0 15 16 12 7 7 7 1
0 2 17 0 1 0 0 1
0 0 18 1 0 9 0 1
0 5 19 3 2 0 0 1
0 3 18 4 0 9 0 1
0 4 18 0 0 9 0 1
0 0 20 6 0 0 3 1
0 1 18 3 0 9 0 1
0 3 21 7 0 0 4 1
0 10 22 8 7 10 5 1
0 8 15 9 5 7 6 1
0 12 23 11 7 11 8 1
0 11 13 9 8 7 6 1
0 10 9 13 7 6 7 1
0 13 24 14 7 12 7 1
0 12 9 15 7 6 7 1
0 15 25 16 7 13 7 1
"Frame.Chrome" 0 2
160
0 -27.000000 2.500000 0.000007 0.601562 0.000000 -1
0 -3.000000 28.500000 -0.000003 0.898438 1.000000 -1
0 -28.500000 3.000000 0.000007 0.898438 0.000000 -1
0 -2.000000 24.500002 3.999998 0.101562 0.000000 -1
0 -27.000000 2.500000 0.000007 0.398438 1.000000 -1
0 -24.500000 2.000001 4.000007 0.101562 1.000000 -1
0 -2.500000 27.000000 -0.000003 0.601562 0.000000 -1
0 0.000000 28.500000 -0.000004 0.898438 0.500000 -1
0 -3.000000 28.500000 -0.000003 0.898438 0.000000 -1
0 2.000000 24.500002 3.999997 0.101562 0.000000 -1
0 0.000000 27.000000 -0.000003 0.398438 0.500000 -1
0 0.000000 24.500002 3.999998 0.101562 0.500000 -1
0 3.000000 28.500000 -0.000004 0.898438 0.000000 -1
0 27.000000 2.500000 0.000002 0.601562 1.000000 -1
0 28.500000 3.000000 0.000002 0.898438 1.000000 -1
0 24.500000 2.000001 4.000003 0.101562 0.000000 -1
0 2.500000 27.000000 -0.000003 0.398438 1.000000 -1
0 2.000000 24.500002 3.999997 0.101562 1.000000 -1
0 2.500000 27.000000 -0.000003 0.601562 1.000000 -1
0 3.000000 28.500000 -0.000004 0.898438 1.000000 -1
0 -2.000000 24.500002 3.999998 0.101562 1.000000 -1
0 27.000000 -2.500000 0.000004 0.601562 0.000000 -1
0 3.000000 -28.500000 0.000015 0.898438 1.000000 -1
0 28.500000 -3.000000 0.000004 0.898438 0.000000 -1
0 2.000000 -24.499998 4.000013 0.101562 0.000000 -1
0 27.000000 -2.500000 0.000004 0.398438 1.000000 -1
0 24.500000 -1.999999 4.000004 0.101562 1.000000 -1
0 2.500000 -27.000000 0.000014 0.601562 0.000000 -1
0 0.000000 -28.500000 0.000015 0.898438 0.500000 -1
0 3.000000 -28.500000 0.000015 0.898438 0.000000 -1
0 -2.000000 -24.499998 4.000014 0.101562 0.000000 -1
0 0.000000 -27.000000 0.000014 0.398438 0.500000 -1
0 0.000000 -24.499998 4.000013 0.101562 0.500000 -1
0 -3.000000 -28.500000 0.000015 0.898438 0.000000 -1
0 -27.000000 -2.500000 0.000009 0.601562 1.000000 -1
0 -28.500000 -3.000000 0.000009 0.898438 1.000000 -1
0 -24.500000 -1.999999 4.000009 0.101562 0.000000 -1
0 -2.500000 -27.000000 0.000015 0.398438 1.000000 -1
0 -2.000000 -24.499998 4.000014 0.101562 1.000000 -1
0 -2.500000 -27.000000 0.000015 0.601562 1.000000 -1
0 -3.000000 -28.500000 0.000015 0.898438 1.000000 -1
0 2.000000 -24.499998 4.000013 0.101562 1.000000 -1
0 27.000000 2.500000 0.000002 0.601562 0.000000 -1
0 28.500000 0.000000 0.000003 0.898438 0.500000 -1
0 28.500000 3.000000 0.000002 0.898438 0.000000 -1
0 24.500000 -1.999999 4.000004 0.101562 0.000000 -1
0 27.000000 0.000000 0.000003 0.398438 0.500000 -1
0 24.500000 0.000001 4.000003 0.101562 0.500000 -1
0 27.000000 -2.500000 0.000004 0.601562 1.000000 -1
0 28.500000 -3.000000 0.000004 0.898438 1.000000 -1
0 24.500000 2.000001 4.000003 0.101562 1.000000 -1
0 -27.000000 -2.500000 0.000009 0.601562 0.000000 -1
0 -28.500000 0.000000 0.000008 0.898438 0.500000 -1
0 -28.500000 -3.000000 0.000009 0.898438 0.000000 -1
0 -24.500000 2.000001 4.000007 0.101562 0.000000 -1
0 -27.000000 0.000000 0.000008 0.398438 0.500000 -1
0 -24.500000 0.000001 4.000008 0.101562 0.500000 -1
0 -27.000000 2.500000 0.000007 0.601562 1.000000 -1
0 -28.500000 3.000000 0.000007 0.898438 1.000000 -1
0 -24.500000 -1.999999 4.000009 0.101562 1.000000 -1
0 -1.500000 -13.499998 4.500010 0.898438 1.000000 -1
0 -12.000000 -0.999998 4.500007 0.601562 0.000000 -1
0 -13.500000 -1.499999 4.500007 0.898438 0.000000 -1
0 -1.000000 -9.499997 8.500010 0.101562 0.000000 -1
0 -12.000000 -0.999998 4.500007 0.398438 1.000000 -1
0 -1.000000 -11.999998 4.500010 0.398438 0.000000 -1
0 0.000000 -13.499998 4.500010 0.898438 0.500000 -1
0 -1.000000 -11.999998 4.500010 0.601562 0.000000 -1
0 -1.500000 -13.499998 4.500010 0.898438 0.000000 -1
0 0.000000 -9.499997 8.500010 0.101562 0.500000 -1
0 1.000000 -11.999998 4.500010 0.398438 0.000000 -1
0 1.000000 -9.499997 8.500010 0.101562 0.000000 -1
0 12.000000 -0.999998 4.500005 0.601562 1.000000 -1
0 1.500000 -13.499998 4.500010 0.898438 0.000000 -1
0 13.500000 -1.499999 4.500005 0.898438 1.000000 -1
0 1.000000 -11.999998 4.500010 0.398438 1.000000 -1
0 9.500000 -0.999997 8.500006 0.101562 0.000000 -1
0 1.000000 -9.499997 8.500010 0.101562 1.000000 -1
0 1.000000 -11.999998 4.500010 0.601562 1.000000 -1
0 0.000000 -11.999998 4.500010 0.601562 0.500000 -1
0 -1.000000 -9.499997 8.500010 0.101562 1.000000 -1
0 0.000000 -11.999998 4.500010 0.398438 0.500000 -1
0 1.500000 13.500002 4.500001 0.898438 1.000000 -1
0 12.000000 1.000001 4.500004 0.601562 0.000000 -1
0 13.500000 1.500001 4.500004 0.898438 0.000000 -1
0 9.500000 1.000003 8.500004 0.101562 1.000000 -1
0 1.000000 12.000002 4.500002 0.398438 0.000000 -1
0 1.000000 9.500003 8.500002 0.101562 0.000000 -1
0 0.000000 13.500002 4.500001 0.898438 0.500000 -1
0 1.000000 12.000002 4.500002 0.601562 0.000000 -1
0 1.500000 13.500002 4.500001 0.898438 0.000000 -1
0 0.000000 9.500003 8.500002 0.101562 0.500000 -1
0 -1.000000 12.000002 4.500002 0.398438 0.000000 -1
0 -1.000000 9.500003 8.500002 0.101562 0.000000 -1
0 -12.000000 1.000001 4.500007 0.601562 1.000000 -1
0 -1.500000 13.500002 4.500001 0.898438 0.000000 -1
0 -13.500000 1.500001 4.500006 0.898438 1.000000 -1
0 -1.000000 9.500003 8.500002 0.101562 1.000000 -1
0 -12.000000 1.000001 4.500007 0.398438 0.000000 -1
0 -9.500000 1.000003 8.500006 0.101562 0.000000 -1
0 -1.000000 12.000002 4.500002 0.601562 1.000000 -1
0 0.000000 12.000002 4.500002 0.601562 0.500000 -1
0 1.000000 9.500003 8.500002 0.101562 1.000000 -1
0 0.000000 12.000002 4.500002 0.398438 0.500000 -1
0 13.500000 0.000001 4.500004 0.898438 0.500000 -1
0 12.000000 -0.999998 4.500005 0.601562 0.000000 -1
0 13.500000 -1.499999 4.500005 0.898438 0.000000 -1
0 9.500000 1.000003 8.500004 0.101562 0.000000 -1
0 12.000000 0.000001 4.500005 0.398438 0.500000 -1
0 12.000000 1.000001 4.500004 0.398438 0.000000 -1
0 12.000000 1.000001 4.500004 0.601562 1.000000 -1
0 12.000000 0.000001 4.500005 0.601562 0.500000 -1
0 9.500000 0.000003 8.500005 0.101562 0.500000 -1
0 12.000000 -0.999998 4.500005 0.398438 1.000000 -1
0 -13.500000 0.000001 4.500007 0.898438 0.500000 -1
0 -12.000000 1.000001 4.500007 0.601562 0.000000 -1
0 -13.500000 1.500001 4.500006 0.898438 0.000000 -1
0 -9.500000 -0.999997 8.500007 0.101562 0.000000 -1
0 -12.000000 0.000001 4.500007 0.398438 0.500000 -1
0 -12.000000 -0.999998 4.500007 0.398438 0.000000 -1
0 -12.000000 -0.999998 4.500007 0.601562 1.000000 -1
0 -12.000000 0.000001 4.500007 0.601562 0.500000 -1
0 -9.500000 1.000003 8.500006 0.101562 1.000000 -1
0 -9.500000 0.000003 8.500007 0.101562 0.500000 -1
0 -2.500000 27.000000 -0.000003 0.601562 1.000000 -1
0 -2.500000 27.000000 -0.000003 0.398438 0.000000 -1
0 0.000000 27.000000 -0.000003 0.601562 0.500000 -1
0 2.500000 27.000000 -0.000003 0.398438 0.000000 -1
0 2.500000 27.000000 -0.000003 0.601562 0.000000 -1
0 27.000000 2.500000 0.000002 0.398438 0.000000 -1
0 -2.500000 27.000000 -0.000003 0.398438 1.000000 -1
0 2.500000 -27.000000 0.000014 0.601562 1.000000 -1
0 2.500000 -27.000000 0.000014 0.398438 0.000000 -1
0 0.000000 -27.000000 0.000014 0.601562 0.500000 -1
0 -2.500000 -27.000000 0.000015 0.398438 0.000000 -1
0 -2.500000 -27.000000 0.000015 0.601562 0.000000 -1
0 -27.000000 -2.500000 0.000009 0.398438 0.000000 -1
0 2.500000 -27.000000 0.000014 0.398438 1.000000 -1
0 27.000000 0.000000 0.000003 0.601562 0.500000 -1
0 27.000000 -2.500000 0.000004 0.398438 0.000000 -1
0 27.000000 2.500000 0.000002 0.398438 1.000000 -1
0 -27.000000 0.000000 0.000008 0.601562 0.500000 -1
0 -27.000000 2.500000 0.000007 0.398438 0.000000 -1
0 -27.000000 -2.500000 0.000009 0.398438 1.000000 -1
0 -1.000000 -11.999998 4.500010 0.601562 1.000000 -1
0 -9.500000 -0.999997 8.500007 0.101562 1.000000 -1
0 1.000000 -11.999998 4.500010 0.601562 0.000000 -1
0 12.000000 -0.999998 4.500005 0.398438 0.000000 -1
0 1.500000 -13.499998 4.500010 0.898438 1.000000 -1
0 -1.000000 -11.999998 4.500010 0.398438 1.000000 -1
0 1.000000 12.000002 4.500002 0.601562 1.000000 -1
0 12.000000 1.000001 4.500004 0.398438 1.000000 -1
0 -1.000000 12.000002 4.500002 0.601562 0.000000 -1
0 -1.000000 12.000002 4.500002 0.398438 1.000000 -1
0 -1.500000 13.500002 4.500001 0.898438 1.000000 -1
0 1.000000 12.000002 4.500002 0.398438 1.000000 -1
0 13.500000 1.500001 4.500004 0.898438 1.000000 -1
0 9.500000 -0.999997 8.500006 0.101562 1.000000 -1
0 -13.500000 -1.499999 4.500007 0.898438 1.000000 -1
0 -12.000000 1.000001 4.500007 0.398438 1.000000 -1
60
-0.488000 0.208900 0.847500
0.999800 -0.020800 -0.000000
-0.000000 -0.000000 1.000000
-0.554900 -0.757700 0.343600
-0.700100 0.258800 0.665600
0.584700 0.778100 -0.229300
-0.963300 0.238600 0.123300
-0.000000 0.479600 0.877500
-0.000000 0.475700 0.879600
0.690500 0.723400 -0.000000
0.352100 0.141600 0.925200
0.508800 0.247100 0.824600
-0.658400 -0.689200 0.302500
0.488000 -0.208900 0.847500
-0.846600 -0.532200 -0.000000
0.629600 -0.579100 -0.518000
0.636300 -0.028900 0.770900
-0.584600 -0.778200 -0.229400
0.963200 -0.238800 0.123200
-0.000000 -0.479600 0.877500
-0.000000 -0.475700 0.879600
0.993500 0.114200 -0.000000
-0.352100 -0.141600 0.925200
-0.508800 -0.247100 0.824600
0.658400 0.689200 0.302500
0.479600 -0.000000 0.877500
0.475700 -0.000000 0.879600
-0.479600 -0.000000 0.877500
-0.475700 -0.000000 0.879600
-0.933500 -0.327600 -0.145900
0.396000 -0.059300 -0.916300
0.124100 -0.041700 -0.991400
-0.557100 -0.826300 -0.083000
-0.816700 0.567600 0.104400
-0.000000 -0.000000 -1.000000
-0.000000 -0.393300 -0.919400
0.867200 -0.488300 0.097700
0.984700 -0.154700 -0.079700
-0.343600 -0.149500 -0.927200
-0.690400 -0.723400 -0.000000
-0.090000 0.021300 -0.995700
0.871800 0.237400 -0.428600
0.933400 0.327900 -0.145900
-0.396900 0.067500 -0.915400
-0.124100 0.041700 -0.991400
-0.610200 0.206300 -0.764900
0.813400 -0.575600 0.084000
0.833300 0.521100 -0.184600
-0.000000 0.393300 -0.919400
-0.861400 0.493100 0.121800
-0.984700 0.155300 -0.079100
0.350300 0.098100 -0.931500
-0.993500 -0.114300 -0.000000
0.108300 -0.030900 -0.993600
-0.871800 -0.237400 -0.428600
-0.452300 -0.000000 -0.891800
-0.536100 -0.000000 -0.844200
0.310400 0.635000 -0.707400
0.434100 -0.000000 -0.900900
0.521900 -0.000000 -0.853000
96
0 0 1 2 0 1 2 1
0 3 4 5 3 0 4 1
0 6 7 8 5 2 1 1
0 9 10 11 6 7 8 1
0 12 13 14 9 10 2 1
0 15 16 17 11 12 6 1
0 7 18 19 2 12 9 1
0 10 20 11 7 3 8 1
0 21 22 23 13 14 2 1
0 24 25 26 15 13 16 1
0 27 28 29 17 2 14 1
0 30 31 32 18 19 20 1
0 33 34 35 21 22 2 1
0 36 37 38 23 24 18 1
0 28 39 40 2 24 21 1
0 31 41 32 19 15 20 1
0 42 43 44 10 2 2 1
0 45 46 47 16 25 26 1
0 43 48 49 2 13 2 1
0 46 50 47 25 11 26 1
0 51 52 53 22 2 2 1
0 54 55 56 4 27 28 1
0 52 57 58 2 0 2 1
0 55 59 56 27 23 28 1
0 60 61 62 29 30 31 1
0 63 64 65 32 30 33 1
0 66 67 68 34 33 29 1
0 69 70 71 35 36 37 1
0 72 73 74 38 39 34 1
0 75 76 77 36 40 37 1
0 66 78 79 34 36 41 1
0 80 81 69 32 41 35 1
0 82 83 84 42 43 44 1
0 85 86 87 45 46 47 1
0 88 89 90 34 46 42 1
0 91 92 93 48 49 50 1
0 94 95 96 51 52 34 1
0 97 98 99 50 51 53 1
0 88 100 101 34 49 54 1
0 102 103 91 47 54 48 1
0 104 105 106 34 38 34 1
0 107 108 109 45 55 43 1
0 104 110 111 34 43 55 1
0 112 113 108 56 38 55 1
0 114 115 116 34 51 34 1
0 117 118 119 57 58 30 1
0 114 120 121 34 30 58 1
0 122 118 123 53 58 59 1
0 0 124 1 0 5 1 1
0 3 125 4 3 5 0 1
0 6 126 7 5 7 2 1
0 9 127 10 6 12 7 1
0 12 128 13 9 12 10 1
0 15 129 16 11 10 12 1
0 7 126 18 2 7 12 1
0 10 130 20 7 5 3 1
0 21 131 22 13 17 14 1
0 24 132 25 15 17 13 1
0 27 133 28 17 19 2 1
0 30 134 31 18 24 19 1
0 33 135 34 21 24 22 1
0 36 136 37 23 22 24 1
0 28 133 39 2 19 24 1
0 31 137 41 19 17 15 1
0 42 138 43 10 25 2 1
0 45 139 46 16 13 25 1
0 43 138 48 2 25 13 1
0 46 140 50 25 10 11 1
0 51 141 52 22 27 2 1
0 54 142 55 4 0 27 1
0 52 141 57 2 27 0 1
0 55 143 59 27 22 23 1
0 60 144 61 29 33 30 1
0 63 145 64 32 57 30 1
0 66 79 67 34 41 33 1
0 69 81 70 35 41 36 1
0 72 146 73 38 36 39 1
0 75 147 76 36 38 40 1
0 66 148 78 34 39 36 1
0 80 149 81 32 33 41 1
0 82 150 83 42 46 43 1
0 85 151 86 45 43 46 1
0 88 101 89 34 54 46 1
0 91 103 92 48 54 49 1
0 94 152 95 51 49 52 1
0 97 153 98 50 49 51 1
0 88 154 100 34 52 49 1
0 102 155 103 47 46 54 1
0 104 111 105 34 55 38 1
0 107 112 108 45 56 55 1
0 104 156 110 34 44 43 1
0 112 157 113 56 40 38 1
0 114 121 115 34 58 51 1
0 117 123 118 57 59 58 1
0 114 158 120 34 31 30 1
0 122 159 118 53 51 58 1
"Frame.Black" 0 1
48
0 23.000000 1.500001 4.000003 0.953125 0.500000 -1
0 2.000000 24.500002 3.999997 0.953125 0.500000 -1
0 1.500000 23.000002 3.999998 0.953125 0.500000 -1
0 0.000000 24.500002 3.999998 0.953125 0.500000 -1
0 0.000000 23.000002 3.999998 0.953125 0.500000 -1
0 2.000000 -24.499998 4.000013 0.953125 0.500000 -1
0 23.000000 -1.499999 4.000004 0.953125 0.500000 -1
0 1.500000 -22.999998 4.000013 0.953125 0.500000 -1
0 -1.500000 23.000002 3.999998 0.953125 0.500000 -1
0 -23.000000 -1.499999 4.000008 0.953125 0.500000 -1
0 -2.000000 -24.499998 4.000014 0.953125 0.500000 -1
0 -1.500000 -22.999998 4.000013 0.953125 0.500000 -1
0 0.000000 -24.499998 4.000013 0.953125 0.500000 -1
0 0.000000 -22.999998 4.000013 0.953125 0.500000 -1
0 24.500000 0.000001 4.000003 0.953125 0.500000 -1
0 23.000000 0.000001 4.000004 0.953125 0.500000 -1
0 -23.000000 1.500001 4.000007 0.953125 0.500000 -1
0 -24.500000 0.000001 4.000008 0.953125 0.500000 -1
0 -23.000000 0.000001 4.000008 0.953125 0.500000 -1
0 -2.000000 24.500002 3.999998 0.953125 0.500000 -1
0 1.000000 -9.499997 8.500010 0.953125 0.500000 -1
0 8.000000 -0.499997 8.500005 0.953125 0.500000 -1
0 0.500000 -7.999997 8.500008 0.953125 0.500000 -1
0 0.000000 -9.499997 8.500010 0.953125 0.500000 -1
0 0.500000 8.000002 8.500004 0.953125 0.500000 -1
0 9.500000 1.000003 8.500004 0.953125 0.500000 -1
0 1.000000 9.500003 8.500002 0.953125 0.500000 -1
0 -0.500000 -7.999997 8.500008 0.953125 0.500000 -1
0 0.000000 -7.999997 8.500008 0.953125 0.500000 -1
0 -1.000000 9.500003 8.500002 0.953125 0.500000 -1
0 -8.000000 0.500003 8.500007 0.953125 0.500000 -1
0 -0.500000 8.000002 8.500004 0.953125 0.500000 -1
0 0.000000 9.500003 8.500002 0.953125 0.500000 -1
0 0.000000 8.000002 8.500004 0.953125 0.500000 -1
0 8.000000 0.500003 8.500005 0.953125 0.500000 -1
0 9.500000 0.000003 8.500005 0.953125 0.500000 -1
0 8.000000 0.000003 8.500005 0.953125 0.500000 -1
0 -8.000000 -0.499997 8.500006 0.953125 0.500000 -1
0 -9.500000 0.000003 8.500007 0.953125 0.500000 -1
0 -9.500000 -0.999997 8.500007 0.953125 0.500000 -1
0 -8.000000 0.000003 8.500007 0.953125 0.500000 -1
0 -1.000000 -9.499997 8.500010 0.953125 0.500000 -1
0 24.500000 2.000001 4.000003 0.953125 0.500000 -1
0 24.500000 -1.999999 4.000004 0.953125 0.500000 -1
0 -24.500000 -1.999999 4.000009 0.953125 0.500000 -1
0 -24.500000 2.000001 4.000007 0.953125 0.500000 -1
0 9.500000 -0.999997 8.500006 0.953125 0.500000 -1
0 -9.500000 1.000003 8.500006 0.953125 0.500000 -1
36
-0.000000 -0.000000 1.000000
-0.963300 0.238600 0.123300
0.933400 0.133000 0.333300
-0.000000 0.475700 0.879600
0.629600 -0.579100 -0.518000
-0.753000 0.427600 0.500100
0.181600 0.846800 0.499900
0.963200 -0.238800 0.123200
-0.801200 -0.496900 0.333300
-0.000000 -0.475700 0.879600
0.475700 -0.000000 0.879600
-0.475700 -0.000000 0.879600
-0.554900 -0.757700 0.343600
0.984700 -0.154700 -0.079700
-0.000000 -0.000000 -1.000000
-0.933400 -0.132900 -0.333300
-0.000000 -0.393300 -0.919400
0.759000 -0.212600 -0.615400
-0.610200 0.206300 -0.764900
0.833300 0.521100 -0.184600
-0.342600 -0.709800 -0.615500
-0.984700 0.155300 -0.079100
0.801300 0.496900 -0.333300
-0.000000 0.393300 -0.919400
-0.085700 0.084800 -0.992700
-0.536100 -0.000000 -0.844200
0.022000 0.118500 -0.992700
0.521900 -0.000000 -0.853000
0.310400 0.635000 -0.707400
-0.557100 -0.826300 -0.083000
0.508800 0.247100 0.824600
0.636300 -0.028900 0.770900
-0.508800 -0.247100 0.824600
-0.700100 0.258800 0.665600
-0.090000 0.021300 -0.995700
0.108300 -0.030900 -0.993600
48
0 0 1 2 0 1 2 1
0 2 3 4 2 3 0 1
0 5 6 7 4 0 5 1
0 3 8 4 3 6 0 1
0 9 10 11 0 7 8 1
0 11 12 13 8 9 0 1
0 12 7 13 9 5 0 1
0 6 14 15 0 10 0 1
0 14 0 15 10 0 0 1
0 16 17 18 0 11 0 1
0 17 9 18 11 0 0 1
0 19 16 8 12 0 6 1
0 20 21 22 13 14 15 1
0 22 23 20 15 16 13 1
0 24 25 26 17 18 19 1
0 27 23 28 20 16 14 1
0 29 30 31 21 14 22 1
0 31 32 29 22 23 21 1
0 24 32 33 17 23 14 1
0 34 35 25 24 25 18 1
0 21 35 36 14 25 14 1
0 37 38 39 26 27 28 1
0 30 38 40 14 27 14 1
0 37 41 27 26 29 20 1
0 0 42 1 0 30 1 1
0 2 1 3 2 1 3 1
0 5 43 6 4 31 0 1
0 3 19 8 3 12 6 1
0 9 44 10 0 32 7 1
0 11 10 12 8 7 9 1
0 12 5 7 9 4 5 1
0 6 43 14 0 31 10 1
0 14 42 0 10 30 0 1
0 16 45 17 0 33 11 1
0 17 44 9 11 32 0 1
0 19 45 16 12 33 0 1
0 20 46 21 13 34 14 1
0 22 28 23 15 14 16 1
0 24 34 25 17 24 18 1
0 27 41 23 20 29 16 1
0 29 47 30 21 35 14 1
0 31 33 32 22 14 23 1
0 24 26 32 17 19 23 1
0 34 36 35 24 14 25 1
0 21 46 35 14 34 25 1
0 37 40 38 26 14 27 1
0 30 47 38 14 35 27 1
0 37 39 41 26 28 29 1

Materials: 3
"Fill"
1.000000 1.000000 1.000000 1.000000
0.800000 0.800000 0.800000 1.000000
0.500000 0.500000 0.500000 1.000000
0.000000 0.000000 0.000000 1.000000
0.128000
1.000000
"textures/Fill.ini"
""
"Frame.Black"
1.000000 1.000000 1.000000 1.000000
0.800000 0.800000 0.800000 1.000000
0.500000 0.500000 0.500000 1.000000
0.000000 0.000000 0.000000 1.000000
0.128000
1.000000
"textures/FrameBlack.png"
""
"Frame.Chrome"
1.000000 1.000000 1.000000 1.000000
0.800000 0.800000 0.800000 1.000000
0.500000 0.500000 0.500000 1.000000
0.000000 0.000000 0.000000 1.000000
0.128000
1.000000
"textures/FrameChrome.ini"
""

Bones: 0
GroupComments: 0
MaterialComments: 0
BoneComments: 0
ModelComment: 0
