// MilkShape 3D ASCII

Frames: 30
Frame: 1

Meshes: 2
"Frame.Lift" 0 1
104
0 -17.500000 10.500000 0.000002 0.601562 0.000000 -1
0 -10.000000 5.000000 0.000001 0.898438 0.500000 -1
0 -17.000000 12.000000 0.000002 0.898438 0.000000 -1
0 -30.000000 6.000000 0.000001 0.898438 0.333333 -1
0 -28.500000 -1.500000 -0.000000 0.601562 0.000000 -1
0 -28.500000 5.500000 0.000001 0.601562 0.333333 -1
0 -8.500000 1.500000 0.000000 0.398438 0.500000 -1
0 -18.500000 8.499998 4.000001 0.101562 1.000000 -1
0 -6.500000 -3.500001 4.000000 0.101562 0.500000 -1
0 -28.500000 -1.500000 -0.000000 0.398438 1.000000 -1
0 -26.500000 4.500000 4.000001 0.101562 0.666667 -1
0 -28.500000 5.500000 0.000001 0.398438 0.666667 -1
0 -8.500000 21.000000 0.000003 0.601562 1.000000 -1
0 -10.000000 5.000000 0.000001 0.898438 0.000000 -1
0 -8.500000 1.500000 0.000000 0.601562 0.000000 -1
0 -2.000000 24.500000 4.000004 0.101562 0.000000 -1
0 -8.500000 21.000000 0.000003 0.398438 1.000000 -1
0 -6.500000 20.000000 4.000003 0.101562 1.000000 -1
0 -8.500000 1.500000 0.000000 0.398438 1.000000 -1
0 -6.500000 20.000000 4.000003 0.101562 0.000000 -1
0 -8.500000 21.000000 0.000003 0.398438 0.000000 -1
0 -30.000000 -2.000000 -0.000000 0.898438 1.000000 -1
0 0.000000 -30.000000 -0.000005 0.601562 0.000000 -1
0 -28.500000 -1.500000 -0.000000 0.601562 1.000000 -1
0 -10.000000 21.500000 0.000004 0.898438 0.000000 -1
0 -2.500000 27.000000 0.000004 0.601562 1.000000 -1
0 -3.000000 28.500000 0.000005 0.898438 1.000000 -1
0 -2.500000 27.000000 0.000004 0.601562 0.000000 -1
0 3.000000 28.500000 0.000005 0.898438 1.000000 -1
0 -3.000000 28.500000 0.000005 0.898438 0.000000 -1
0 2.500000 27.000000 0.000004 0.398438 0.000000 -1
0 -2.000000 24.500000 4.000004 0.101562 1.000000 -1
0 2.000000 24.500000 4.000004 0.101562 0.000000 -1
0 -28.500000 -1.500000 -0.000000 0.398438 0.000000 -1
0 0.000000 -27.000000 3.999996 0.101562 1.000000 -1
0 -26.500000 -0.500001 4.000000 0.101562 0.000000 -1
0 -17.500000 10.500000 0.000002 0.398438 0.000000 -1
0 -22.500000 8.499999 4.000001 0.101562 0.333333 -1
0 -18.500000 8.499998 4.000001 0.101562 0.000000 -1
0 -23.500000 10.500000 0.000002 0.398438 0.333333 -1
0 -17.000000 12.000000 0.000002 0.898438 1.000000 -1
0 -23.500000 10.500000 0.000002 0.601562 0.666667 -1
0 -17.500000 10.500000 0.000002 0.601562 1.000000 -1
0 -24.000000 12.000000 0.000002 0.898438 0.666667 -1
0 17.500000 10.500000 0.000002 0.601562 1.000000 -1
0 17.000000 12.000000 0.000002 0.898438 1.000000 -1
0 10.000000 5.000000 0.000001 0.898438 0.500000 -1
0 30.000000 6.000000 0.000001 0.898438 0.671875 -1
0 28.500000 5.500000 0.000001 0.601562 0.671875 -1
0 28.500000 -1.500000 -0.000000 0.601562 1.000000 -1
0 8.500000 1.500000 0.000000 0.398438 0.500000 -1
0 6.500000 -3.500001 4.000000 0.101562 0.500000 -1
0 18.500000 8.499998 4.000001 0.101562 0.000000 -1
0 28.500000 5.500000 0.000001 0.398438 0.328125 -1
0 26.500000 4.500000 4.000001 0.101562 0.328125 -1
0 26.500000 -0.500001 4.000000 0.101562 0.000000 -1
0 8.500000 21.000000 0.000003 0.601562 0.000000 -1
0 8.500000 1.500000 0.000000 0.601562 1.000000 -1
0 10.000000 5.000000 0.000001 0.898438 1.000000 -1
0 2.000000 24.500000 4.000004 0.101562 1.000000 -1
0 6.500000 20.000000 4.000003 0.101562 0.000000 -1
0 8.500000 21.000000 0.000003 0.398438 0.000000 -1
0 8.500000 1.500000 0.000000 0.398438 0.000000 -1
0 8.500000 21.000000 0.000003 0.398438 1.000000 -1
0 6.500000 20.000000 4.000003 0.101562 1.000000 -1
0 30.000000 -2.000000 -0.000000 0.898438 0.000000 -1
0 28.500000 -1.500000 -0.000000 0.601562 0.000000 -1
0 0.000000 -30.000000 -0.000005 0.601562 1.000000 -1
0 10.000000 21.500000 0.000004 0.898438 1.000000 -1
0 3.000000 28.500000 0.000005 0.898438 0.000000 -1
0 2.500000 27.000000 0.000004 0.601562 0.000000 -1
0 28.500000 -1.500000 -0.000000 0.398438 1.000000 -1
0 26.500000 -0.500001 4.000000 0.101562 1.000000 -1
0 0.000000 -27.000000 3.999996 0.101562 0.000000 -1
0 17.500000 10.500000 0.000002 0.398438 1.000000 -1
0 18.500000 8.499998 4.000001 0.101562 1.000000 -1
0 22.500000 8.499999 4.000001 0.101562 0.671875 -1
0 23.500000 10.500000 0.000002 0.398438 0.671875 -1
0 17.000000 12.000000 0.000002 0.898438 0.000000 -1
0 17.500000 10.500000 0.000002 0.601562 0.000000 -1
0 23.500000 10.500000 0.000002 0.601562 0.328125 -1
0 24.000000 12.000000 0.000002 0.898438 0.328125 -1
0 -8.500000 1.500000 0.000000 0.601562 0.500000 -1
0 -30.000000 -2.000000 -0.000000 0.898438 0.000000 -1
0 -17.500000 10.500000 0.000002 0.398438 1.000000 -1
0 -26.500000 -0.500001 4.000000 0.101562 1.000000 -1
0 -10.000000 21.500000 0.000004 0.898438 1.000000 -1
0 -2.500000 27.000000 0.000004 0.398438 0.000000 -1
0 -6.500000 -3.500001 4.000000 0.101562 1.000000 -1
0 0.000000 -32.000000 -0.000005 0.898438 0.000000 -1
0 -8.500000 21.000000 0.000003 0.601562 0.000000 -1
0 2.500000 27.000000 0.000004 0.601562 1.000000 -1
0 -2.500000 27.000000 0.000004 0.398438 1.000000 -1
0 0.000000 -30.000000 -0.000005 0.398438 1.000000 -1
0 8.500000 1.500000 0.000000 0.601562 0.500000 -1
0 30.000000 -2.000000 -0.000000 0.898438 1.000000 -1
0 17.500000 10.500000 0.000002 0.398438 0.000000 -1
0 28.500000 -1.500000 -0.000000 0.398438 0.000000 -1
0 10.000000 21.500000 0.000004 0.898438 0.000000 -1
0 2.500000 27.000000 0.000004 0.398438 1.000000 -1
0 6.500000 -3.500001 4.000000 0.101562 0.000000 -1
0 0.000000 -32.000000 -0.000005 0.898438 1.000000 -1
0 8.500000 21.000000 0.000003 0.601562 1.000000 -1
0 0.000000 -30.000000 -0.000005 0.398438 0.000000 -1
35
0.154300 0.358300 0.920700
-0.065200 -0.027600 0.997500
0.000000 -0.000000 1.000000
-0.369100 -0.156000 0.916200
-0.369100 0.156000 0.916200
-0.199200 0.466300 0.861900
0.212800 0.538100 0.815600
-0.024000 0.068100 0.997400
-0.546200 0.219700 0.808300
-0.373900 0.155000 0.914400
-0.224500 0.519600 0.824400
-0.546800 0.221100 0.807500
0.000000 -0.238100 0.971300
0.040900 -0.023300 0.998900
-0.137600 0.350600 0.926400
0.140100 0.362500 0.921400
0.240000 0.516700 0.821800
-0.000000 -0.587900 0.808900
-0.546200 -0.219700 0.808300
-0.219700 0.546200 0.808300
-0.156000 0.369100 0.916200
-0.147000 0.377100 0.914400
-0.065600 0.026600 0.997500
0.369100 0.156000 0.916200
0.369100 -0.156000 0.916200
0.167900 0.433800 0.885200
0.027400 0.066700 0.997400
-0.224400 0.555700 0.800500
0.546200 0.219700 0.808300
0.546200 -0.219700 0.808300
0.364200 0.154500 0.918400
0.546000 0.221200 0.808000
-0.045400 -0.012400 0.998900
0.219700 0.546200 0.808300
0.156000 0.369100 0.916200
60
0 0 1 2 0 1 2 1
0 3 4 5 2 3 4 1
0 6 7 8 5 6 7 1
0 9 10 11 3 8 4 1
0 12 13 14 9 1 5 1
0 15 16 17 10 9 11 1
0 18 19 20 5 11 9 1
0 21 22 23 2 12 3 1
0 24 25 26 13 14 2 1
0 27 28 29 14 2 2 1
0 30 31 32 15 10 16 1
0 33 34 35 3 17 18 1
0 36 37 38 0 19 6 1
0 11 37 39 4 19 20 1
0 40 41 42 2 20 0 1
0 43 5 41 2 4 20 1
0 44 45 46 21 2 22 1
0 47 48 49 2 23 24 1
0 50 51 52 25 26 27 1
0 53 54 55 23 28 29 1
0 56 57 58 30 25 22 1
0 59 60 61 16 31 30 1
0 62 63 64 25 30 31 1
0 65 66 67 2 24 12 1
0 68 69 70 32 2 15 1
0 71 72 73 24 29 17 1
0 74 75 76 21 27 33 1
0 53 77 76 23 34 33 1
0 78 79 80 2 21 34 1
0 81 80 48 2 34 23 1
0 0 82 1 0 5 1 1
0 3 83 4 2 2 3 1
0 6 84 7 5 0 6 1
0 9 85 10 3 18 8 1
0 12 86 13 9 13 1 1
0 15 87 16 10 14 9 1
0 18 88 19 5 7 11 1
0 21 89 22 2 2 12 1
0 24 90 25 13 9 14 1
0 27 91 28 14 15 2 1
0 30 92 31 15 14 10 1
0 33 93 34 3 12 17 1
0 36 39 37 0 20 19 1
0 11 10 37 4 8 19 1
0 40 43 41 2 2 20 1
0 43 3 5 2 2 4 1
0 44 46 94 21 22 25 1
0 47 49 95 2 24 2 1
0 50 52 96 25 27 21 1
0 53 55 97 23 29 24 1
0 56 58 98 30 22 32 1
0 59 61 99 16 30 15 1
0 62 64 100 25 31 26 1
0 65 67 101 2 12 2 1
0 68 70 102 32 15 30 1
0 71 73 103 24 17 12 1
0 74 76 77 21 33 34 1
0 53 76 54 23 33 28 1
0 78 80 81 2 34 2 1
0 81 48 47 2 23 2 1
"Frame.Black" 0 0
30
0 -22.000000 7.000000 4.000001 0.953125 0.500000 -1
0 -18.500000 8.499998 4.000001 0.953125 0.500000 -1
0 -22.500000 8.499999 4.000001 0.953125 0.500000 -1
0 -26.500000 -0.500001 4.000000 0.953125 0.500000 -1
0 0.000000 -25.000000 3.999996 0.953125 0.500000 -1
0 -25.000000 -0.000001 4.000000 0.953125 0.500000 -1
0 -6.500000 -3.500001 4.000000 0.953125 0.500000 -1
0 -19.000000 7.000000 4.000001 0.953125 0.500000 -1
0 -5.000000 -7.000000 3.999999 0.953125 0.500000 -1
0 -5.000000 19.500000 4.000003 0.953125 0.500000 -1
0 -6.500000 20.000000 4.000003 0.953125 0.500000 -1
0 -1.500000 23.000000 4.000004 0.953125 0.500000 -1
0 2.000000 24.500000 4.000004 0.953125 0.500000 -1
0 1.500000 23.000000 4.000004 0.953125 0.500000 -1
0 -26.500000 4.500000 4.000001 0.953125 0.500000 -1
0 -25.000000 3.999999 4.000000 0.953125 0.500000 -1
0 22.000000 7.000000 4.000001 0.953125 0.500000 -1
0 22.500000 8.499999 4.000001 0.953125 0.500000 -1
0 18.500000 8.499998 4.000001 0.953125 0.500000 -1
0 26.500000 -0.500001 4.000000 0.953125 0.500000 -1
0 25.000000 -0.000001 4.000000 0.953125 0.500000 -1
0 6.500000 -3.500001 4.000000 0.953125 0.500000 -1
0 5.000000 -7.000000 3.999999 0.953125 0.500000 -1
0 19.000000 7.000000 4.000001 0.953125 0.500000 -1
0 6.500000 20.000000 4.000003 0.953125 0.500000 -1
0 5.000000 19.500000 4.000003 0.953125 0.500000 -1
0 26.500000 4.500000 4.000001 0.953125 0.500000 -1
0 25.000000 3.999999 4.000000 0.953125 0.500000 -1
0 0.000000 -27.000000 3.999996 0.953125 0.500000 -1
0 -2.000000 24.500000 4.000004 0.953125 0.500000 -1
16
0.000000 -0.000000 1.000000
0.212800 0.538100 0.815600
-0.219700 0.546200 0.808300
-0.546200 -0.219700 0.808300
-0.024000 0.068100 0.997400
-0.546800 0.221100 0.807500
0.240000 0.516700 0.821800
-0.546200 0.219700 0.808300
0.219700 0.546200 0.808300
-0.224400 0.555700 0.800500
0.546200 -0.219700 0.808300
0.027400 0.066700 0.997400
0.546000 0.221200 0.808000
0.546200 0.219700 0.808300
-0.000000 -0.587900 0.808900
-0.224500 0.519600 0.824400
30
0 0 1 2 0 1 2 1
0 3 4 5 3 0 0 1
0 6 7 8 4 0 0 1
0 6 9 10 4 0 5 1
0 11 10 9 0 5 0 1
0 12 11 13 6 0 0 1
0 5 14 3 0 7 3 1
0 15 2 14 0 2 7 1
0 16 17 18 0 8 9 1
0 19 20 4 10 0 0 1
0 21 22 23 11 0 0 1
0 21 24 25 11 12 0 1
0 13 25 24 0 0 12 1
0 20 19 26 0 10 13 1
0 27 26 17 0 13 8 1
0 0 7 1 0 0 1 1
0 3 28 4 3 14 0 1
0 6 1 7 4 1 0 1
0 6 8 9 4 0 0 1
0 11 29 10 0 15 5 1
0 12 29 11 6 15 0 1
0 5 15 14 0 0 7 1
0 15 0 2 0 0 2 1
0 16 18 23 0 9 0 1
0 19 4 28 10 0 14 1
0 21 23 18 11 0 9 1
0 21 25 22 11 0 0 1
0 13 24 12 0 12 6 1
0 20 26 27 0 13 0 1
0 27 17 16 0 8 0 1

Materials: 2
"Frame.Black"
1.000000 1.000000 1.000000 1.000000
0.800000 0.800000 0.800000 1.000000
0.500000 0.500000 0.500000 1.000000
0.000000 0.000000 0.000000 1.000000
0.128000
1.000000
"textures/FrameBlack.png"
""
"Frame.Lift"
1.000000 1.000000 1.000000 1.000000
0.800000 0.800000 0.800000 1.000000
0.500000 0.500000 0.500000 1.000000
0.000000 0.000000 0.000000 1.000000
0.128000
1.000000
"textures/FrameLift.ini"
""

Bones: 0
GroupComments: 0
MaterialComments: 0
BoneComments: 0
ModelComment: 0
