// MilkShape 3D ASCII

Frames: 30
Frame: 1

Meshes: 3
"Fill" 0 0
18
0 -19.000000 7.000000 3.999995 0.046875 -0.062500 -1
0 -25.000000 4.000000 3.999995 0.046875 -0.145833 -1
0 -25.000000 0.000000 3.999995 0.046875 -0.187500 -1
0 5.000000 19.500000 3.999994 0.046875 0.281250 -1
0 -1.500000 23.000000 3.999994 0.031250 0.281250 -1
0 -5.000000 19.500000 3.999994 0.046875 0.281250 -1
0 19.000000 7.000000 3.999995 0.046875 -0.062500 -1
0 25.000000 4.000000 3.999995 0.046875 -0.145833 -1
0 22.000000 7.000000 3.999995 0.046875 -0.104167 -1
0 -5.000000 -7.000000 3.999996 0.046875 -0.046875 -1
0 5.000000 -7.000000 3.999996 0.046875 -0.046875 -1
0 -5.000000 -7.000000 3.999996 0.031250 -0.062500 -1
0 25.000000 0.000000 3.999995 0.046875 -0.187500 -1
0 5.000000 -7.000000 3.999996 0.031250 -0.062500 -1
0 0.000000 -25.000000 3.999997 0.015625 -0.187500 -1
0 0.000000 -25.000000 3.999997 0.015625 -0.203125 -1
0 -22.000000 7.000000 3.999995 0.046875 -0.104167 -1
0 1.500000 23.000000 3.999994 0.031250 0.281250 -1
2
-0.000000 -0.000000 1.000000
0.645800 0.287900 0.707100
13
0 0 1 2 0 0 0 1
0 3 4 5 1 0 0 1
0 6 7 8 0 0 0 1
0 3 9 10 1 0 0 1
0 2 11 0 0 0 0 1
0 12 13 14 0 0 0 1
0 9 15 10 0 0 0 1
0 0 16 1 0 0 0 1
0 3 17 4 1 0 0 1
0 6 12 7 0 0 0 1
0 3 5 9 1 0 0 1
0 2 14 11 0 0 0 1
0 12 6 13 0 0 0 1
"Frame.Black" 0 1
30
0 -22.000000 7.000000 3.999995 0.953125 0.500000 -1
0 -18.500000 8.500000 3.999995 0.953125 0.500000 -1
0 -22.500000 8.500000 3.999995 0.953125 0.500000 -1
0 -26.500000 -0.500000 3.999995 0.953125 0.500000 -1
0 0.000000 -25.000000 3.999997 0.953125 0.500000 -1
0 -25.000000 0.000000 3.999995 0.953125 0.500000 -1
0 -6.500000 -3.500000 3.999995 0.953125 0.500000 -1
0 -19.000000 7.000000 3.999995 0.953125 0.500000 -1
0 -5.000000 -7.000000 3.999996 0.953125 0.500000 -1
0 -5.000000 19.500000 3.999994 0.953125 0.500000 -1
0 -6.500000 20.000000 3.999994 0.953125 0.500000 -1
0 -1.500000 23.000000 3.999994 0.953125 0.500000 -1
0 -26.500000 4.500000 3.999995 0.953125 0.500000 -1
0 -25.000000 4.000000 3.999995 0.953125 0.500000 -1
0 18.500000 8.500000 3.999995 0.953125 0.500000 -1
0 22.000000 7.000000 3.999995 0.953125 0.500000 -1
0 22.500000 8.500000 3.999995 0.953125 0.500000 -1
0 26.500000 -0.500000 3.999995 0.953125 0.500000 -1
0 25.000000 0.000000 3.999995 0.953125 0.500000 -1
0 6.500000 -3.500000 3.999995 0.953125 0.500000 -1
0 19.000000 7.000000 3.999995 0.953125 0.500000 -1
0 5.000000 19.500000 3.999994 0.953125 0.500000 -1
0 6.500000 20.000000 3.999994 0.953125 0.500000 -1
0 1.500000 23.000000 3.999994 0.953125 0.500000 -1
0 26.500000 4.500000 3.999995 0.953125 0.500000 -1
0 25.000000 4.000000 3.999995 0.953125 0.500000 -1
0 -2.000000 24.500000 3.999993 0.953125 0.500000 -1
0 2.000000 24.500000 3.999993 0.953125 0.500000 -1
0 0.000000 -27.000000 3.999997 0.953125 0.500000 -1
0 5.000000 -7.000000 3.999996 0.953125 0.500000 -1
17
-0.000000 -0.000000 1.000000
0.212000 0.530300 0.820900
-0.219700 0.546200 0.808300
-0.546200 -0.219700 0.808300
-0.034300 0.083800 0.995900
-0.546500 0.217100 0.808800
-0.546200 0.219700 0.808300
-0.232300 0.547100 0.804200
0.219700 0.546200 0.808300
0.546200 -0.219700 0.808300
0.027600 0.067000 0.997400
0.645800 0.287900 0.707100
0.546000 0.221300 0.808000
0.546200 0.219700 0.808300
-0.249300 0.514000 0.820800
0.258800 0.700600 0.665000
0.396900 -0.765200 0.506900
30
0 0 1 2 0 1 2 1
0 3 4 5 3 0 0 1
0 6 7 8 4 0 0 1
0 6 9 10 4 0 5 1
0 11 10 9 0 5 0 1
0 5 12 3 0 6 3 1
0 13 2 12 0 2 6 1
0 14 15 16 7 0 8 1
0 4 17 18 0 9 0 1
0 19 20 14 10 0 7 1
0 21 19 22 11 10 12 1
0 22 23 21 12 0 11 1
0 24 18 17 13 0 9 1
0 16 25 24 8 0 13 1
0 26 23 27 14 0 15 1
0 0 7 1 0 0 1 1
0 3 28 4 3 16 0 1
0 6 1 7 4 1 0 1
0 6 8 9 4 0 0 1
0 11 26 10 0 14 5 1
0 5 13 12 0 0 6 1
0 13 0 2 0 0 2 1
0 14 20 15 7 0 0 1
0 4 28 17 0 16 9 1
0 19 29 20 10 0 0 1
0 21 29 19 11 0 10 1
0 22 27 23 12 15 0 1
0 24 25 18 13 0 0 1
0 16 15 25 8 0 0 1
0 26 11 23 14 0 0 1
"Frame.Chrome" 0 2
104
1 -17.500000 10.500000 -0.000006 0.601562 0.000000 -1
1 -10.000000 5.000000 -0.000005 0.898438 0.500000 -1
1 -17.000000 12.000000 -0.000006 0.898438 0.000000 -1
1 -30.000000 6.000000 -0.000005 0.898438 0.333333 -1
1 -28.500000 -1.500000 -0.000005 0.601562 0.000000 -1
1 -28.500000 5.500000 -0.000005 0.601562 0.333333 -1
1 -8.500000 1.500000 -0.000005 0.398438 0.500000 -1
1 -18.500000 8.500000 3.999995 0.101562 1.000000 -1
1 -6.500000 -3.500000 3.999995 0.101562 0.500000 -1
1 -28.500000 -1.500000 -0.000005 0.398438 1.000000 -1
1 -26.500000 4.500000 3.999995 0.101562 0.666667 -1
1 -28.500000 5.500000 -0.000005 0.398438 0.666667 -1
1 -8.500000 21.000000 -0.000006 0.601562 1.000000 -1
1 -10.000000 5.000000 -0.000005 0.898438 0.000000 -1
1 -8.500000 1.500000 -0.000005 0.601562 0.000000 -1
1 -2.000000 24.500000 3.999993 0.101562 0.000000 -1
1 -8.500000 21.000000 -0.000006 0.398438 1.000000 -1
1 -6.500000 20.000000 3.999994 0.101562 1.000000 -1
1 -8.500000 1.500000 -0.000005 0.398438 1.000000 -1
1 -6.500000 20.000000 3.999994 0.101562 0.000000 -1
1 -8.500000 21.000000 -0.000006 0.398438 0.000000 -1
1 -30.000000 -2.000000 -0.000005 0.898438 1.000000 -1
1 0.000000 -30.000000 -0.000003 0.601562 0.000000 -1
1 -28.500000 -1.500000 -0.000005 0.601562 1.000000 -1
1 -10.000000 21.500000 -0.000006 0.898438 0.000000 -1
1 -2.500000 27.000000 -0.000007 0.601562 1.000000 -1
1 -3.000000 28.500000 -0.000007 0.898438 1.000000 -1
1 -2.500000 27.000000 -0.000007 0.398438 1.000000 -1
1 2.000000 24.500000 3.999993 0.101562 0.000000 -1
1 2.500000 27.000000 -0.000007 0.398438 0.000000 -1
1 -28.500000 -1.500000 -0.000005 0.398438 0.000000 -1
1 0.000000 -27.000000 3.999997 0.101562 1.000000 -1
1 -26.500000 -0.500000 3.999995 0.101562 0.000000 -1
1 -23.500000 10.500000 -0.000006 0.398438 0.333333 -1
1 -18.500000 8.500000 3.999995 0.101562 0.000000 -1
1 -17.500000 10.500000 -0.000006 0.398438 0.000000 -1
1 -22.500000 8.500000 3.999995 0.101562 0.333333 -1
1 -17.000000 12.000000 -0.000006 0.898438 1.000000 -1
1 -23.500000 10.500000 -0.000006 0.601562 0.666667 -1
1 -17.500000 10.500000 -0.000006 0.601562 1.000000 -1
1 -24.000000 12.000000 -0.000006 0.898438 0.666667 -1
1 10.000000 5.000000 -0.000005 0.898438 0.500000 -1
1 17.500000 10.500000 -0.000006 0.601562 1.000000 -1
1 17.000000 12.000000 -0.000006 0.898438 1.000000 -1
1 28.500000 -1.500000 -0.000005 0.601562 1.000000 -1
1 30.000000 6.000000 -0.000005 0.898438 0.671875 -1
1 28.500000 5.500000 -0.000005 0.601562 0.671875 -1
1 18.500000 8.500000 3.999995 0.101562 0.000000 -1
1 8.500000 1.500000 -0.000005 0.398438 0.500000 -1
1 6.500000 -3.500000 3.999995 0.101562 0.500000 -1
1 26.500000 4.500000 3.999995 0.101562 0.328125 -1
1 28.500000 -1.500000 -0.000005 0.398438 0.000000 -1
1 28.500000 5.500000 -0.000005 0.398438 0.328125 -1
1 10.000000 5.000000 -0.000005 0.898438 1.000000 -1
1 8.500000 21.000000 -0.000006 0.601562 0.000000 -1
1 8.500000 1.500000 -0.000005 0.601562 1.000000 -1
1 8.500000 21.000000 -0.000006 0.398438 0.000000 -1
1 2.000000 24.500000 3.999993 0.101562 1.000000 -1
1 6.500000 20.000000 3.999994 0.101562 0.000000 -1
1 6.500000 20.000000 3.999994 0.101562 1.000000 -1
1 8.500000 1.500000 -0.000005 0.398438 0.000000 -1
1 8.500000 21.000000 -0.000006 0.398438 1.000000 -1
1 0.000000 -30.000000 -0.000003 0.601562 1.000000 -1
1 30.000000 -2.000000 -0.000005 0.898438 0.000000 -1
1 28.500000 -1.500000 -0.000005 0.601562 0.000000 -1
1 2.500000 27.000000 -0.000007 0.601562 0.000000 -1
1 10.000000 21.500000 -0.000006 0.898438 1.000000 -1
1 3.000000 28.500000 -0.000007 0.898438 0.000000 -1
1 0.000000 -27.000000 3.999997 0.101562 0.000000 -1
1 28.500000 -1.500000 -0.000005 0.398438 1.000000 -1
1 26.500000 -0.500000 3.999995 0.101562 1.000000 -1
1 18.500000 8.500000 3.999995 0.101562 1.000000 -1
1 23.500000 10.500000 -0.000006 0.398438 0.671875 -1
1 17.500000 10.500000 -0.000006 0.398438 1.000000 -1
1 22.500000 8.500000 3.999995 0.101562 0.671875 -1
1 23.500000 10.500000 -0.000006 0.601562 0.328125 -1
1 17.000000 12.000000 -0.000006 0.898438 0.000000 -1
1 17.500000 10.500000 -0.000006 0.601562 0.000000 -1
1 24.000000 12.000000 -0.000006 0.898438 0.328125 -1
1 3.000000 28.500000 -0.000007 0.898438 1.000000 -1
1 -2.500000 27.000000 -0.000007 0.601562 0.000000 -1
1 2.500000 27.000000 -0.000007 0.601562 1.000000 -1
1 -8.500000 1.500000 -0.000005 0.601562 0.500000 -1
1 -30.000000 -2.000000 -0.000005 0.898438 0.000000 -1
1 -17.500000 10.500000 -0.000006 0.398438 1.000000 -1
1 -26.500000 -0.500000 3.999995 0.101562 1.000000 -1
1 -10.000000 21.500000 -0.000006 0.898438 1.000000 -1
1 -2.500000 27.000000 -0.000007 0.398438 0.000000 -1
1 -6.500000 -3.500000 3.999995 0.101562 1.000000 -1
1 0.000000 -32.000000 -0.000002 0.898438 0.000000 -1
1 -8.500000 21.000000 -0.000006 0.601562 0.000000 -1
1 -2.000000 24.500000 3.999993 0.101562 1.000000 -1
1 0.000000 -30.000000 -0.000003 0.398438 1.000000 -1
1 8.500000 1.500000 -0.000005 0.601562 0.500000 -1
1 30.000000 -2.000000 -0.000005 0.898438 1.000000 -1
1 17.500000 10.500000 -0.000006 0.398438 0.000000 -1
1 26.500000 -0.500000 3.999995 0.101562 0.000000 -1
1 10.000000 21.500000 -0.000006 0.898438 0.000000 -1
1 2.500000 27.000000 -0.000007 0.398438 1.000000 -1
1 6.500000 -3.500000 3.999995 0.101562 0.000000 -1
1 0.000000 -32.000000 -0.000002 0.898438 1.000000 -1
1 8.500000 21.000000 -0.000006 0.601562 1.000000 -1
1 0.000000 -30.000000 -0.000003 0.398438 0.000000 -1
1 -3.000000 28.500000 -0.000007 0.898438 0.000000 -1
35
0.164300 0.363500 0.917000
-0.065600 -0.026600 0.997500
-0.000000 -0.000000 1.000000
-0.369100 -0.156000 0.916200
-0.369100 0.156000 0.916200
-0.206500 0.433800 0.877000
0.212000 0.530300 0.820900
-0.034300 0.083800 0.995900
-0.546200 0.219700 0.808300
-0.369700 0.151600 0.916700
-0.249300 0.514000 0.820800
-0.546500 0.217100 0.808800
-0.000000 -0.471500 0.881800
-0.045400 0.012400 0.998900
-0.139500 0.358900 0.922900
0.258800 0.700600 0.665000
0.212500 0.481600 0.850200
0.396900 -0.765200 0.506900
-0.546200 -0.219700 0.808300
-0.156000 0.369100 0.916200
-0.219700 0.546200 0.808300
-0.065600 0.026600 0.997500
-0.146600 0.377500 0.914300
0.369100 -0.156000 0.916200
0.369100 0.156000 0.916200
-0.232300 0.547100 0.804200
0.209900 0.454300 0.865800
0.027600 0.067000 0.997400
0.546200 0.219700 0.808300
0.364100 0.154400 0.918500
0.546000 0.221300 0.808000
-0.045400 -0.012400 0.998900
0.546200 -0.219700 0.808300
0.156000 0.369100 0.916200
0.219700 0.546200 0.808300
60
0 0 1 2 0 1 2 1
0 3 4 5 2 3 4 1
0 6 7 8 5 6 7 1
0 9 10 11 3 8 4 1
0 12 13 14 9 1 5 1
0 15 16 17 10 9 11 1
0 18 19 20 5 11 9 1
0 21 22 23 2 12 3 1
0 24 25 26 13 14 2 1
0 27 28 29 14 15 16 1
0 30 31 32 3 17 18 1
0 33 34 35 19 6 0 1
0 11 36 33 4 20 19 1
0 37 38 39 2 19 0 1
0 40 5 38 2 4 19 1
0 41 42 43 21 22 2 1
0 44 45 46 23 2 24 1
0 47 48 49 25 26 27 1
0 50 51 52 28 23 24 1
0 53 54 55 21 29 26 1
0 56 57 58 29 15 30 1
0 59 60 61 30 26 29 1
0 62 63 64 12 2 23 1
0 65 66 67 16 31 2 1
0 68 69 70 17 23 32 1
0 71 72 73 25 33 22 1
0 74 52 72 34 24 33 1
0 75 76 77 33 2 22 1
0 46 78 75 24 2 33 1
0 79 80 81 2 14 16 1
0 0 82 1 0 5 1 1
0 3 83 4 2 2 3 1
0 6 84 7 5 0 6 1
0 9 85 10 3 18 8 1
0 12 86 13 9 13 1 1
0 15 87 16 10 14 9 1
0 18 88 19 5 7 11 1
0 21 89 22 2 2 12 1
0 24 90 25 13 9 14 1
0 27 91 28 14 10 15 1
0 30 92 31 3 12 17 1
0 33 36 34 19 20 6 1
0 11 10 36 4 8 20 1
0 37 40 38 2 2 19 1
0 40 3 5 2 2 4 1
0 41 93 42 21 26 22 1
0 44 94 45 23 2 2 1
0 47 95 48 25 22 26 1
0 50 96 51 28 32 23 1
0 53 97 54 21 31 29 1
0 56 98 57 29 16 15 1
0 59 99 60 30 27 26 1
0 62 100 63 12 2 2 1
0 65 101 66 16 29 31 1
0 68 102 69 17 12 23 1
0 71 74 72 25 34 33 1
0 74 50 52 34 28 24 1
0 75 78 76 33 2 2 1
0 46 45 78 24 2 2 1
0 79 103 80 2 2 14 1

Materials: 3
"Fill"
1.000000 1.000000 1.000000 1.000000
0.800000 0.800000 0.800000 1.000000
0.500000 0.500000 0.500000 1.000000
0.000000 0.000000 0.000000 1.000000
0.128000
1.000000
"textures/Fill.ini"
""
"Frame.Black"
1.000000 1.000000 1.000000 1.000000
0.800000 0.800000 0.800000 1.000000
0.500000 0.500000 0.500000 1.000000
0.000000 0.000000 0.000000 1.000000
0.128000
1.000000
"textures/FrameBlack.png"
""
"Frame.Chrome"
1.000000 1.000000 1.000000 1.000000
0.800000 0.800000 0.800000 1.000000
0.500000 0.500000 0.500000 1.000000
0.000000 0.000000 0.000000 1.000000
0.128000
1.000000
"textures/FrameChrome.ini"
""

Bones: 0
GroupComments: 0
MaterialComments: 0
BoneComments: 0
ModelComment: 0
