// MilkShape 3D ASCII

Frames: 30
Frame: 1

Meshes: 4
"default" 0 0
14
0 -10.606600 -10.606604 4.000000 0.039062 -0.062500 -1
0 17.677671 -17.677666 4.000000 0.015625 -0.187500 -1
0 10.606603 -10.606600 4.000000 0.015625 -0.062500 -1
0 10.606601 10.606603 4.000000 0.039062 -0.062500 -1
0 0.000000 0.000000 8.000000 0.039062 -0.062500 -1
0 5.656854 5.656855 8.000000 0.046875 -0.187500 -1
0 -5.656855 5.656854 8.000000 0.015625 -0.187500 -1
0 0.000000 0.000000 8.000000 0.015625 -0.062500 -1
0 -5.656853 -5.656855 8.000000 0.046875 -0.187500 -1
0 5.656855 -5.656853 8.000000 0.015625 -0.187500 -1
0 -17.677671 17.677666 4.000000 0.015625 -0.187500 -1
0 -10.606603 10.606600 4.000000 0.015625 -0.062500 -1
0 -17.677666 -17.677671 4.000000 0.046875 -0.187500 -1
0 17.677668 17.677671 4.000000 0.046875 -0.187500 -1
1
0.000000 0.000000 1.000000
12
0 0 1 2 0 0 0 1
0 1 3 2 0 0 0 1
0 4 5 6 0 0 0 1
0 7 6 8 0 0 0 1
0 7 9 5 0 0 0 1
0 4 8 9 0 0 0 1
0 10 0 11 0 0 0 1
0 3 10 11 0 0 0 1
0 0 12 1 0 0 0 1
0 1 13 3 0 0 0 1
0 10 12 0 0 0 0 1
0 3 13 10 0 0 0 1
"Frame.Chrome" 0 2
30
1 -20.859646 -20.859653 0.000000 0.601562 0.000000 -1
1 -22.627420 22.627413 0.000000 0.898438 1.000000 -1
1 -22.627413 -22.627420 0.000000 0.898438 0.000000 -1
1 7.424623 -7.424619 8.000000 0.601562 1.000000 -1
1 -5.656853 -5.656855 8.000000 0.898438 0.600000 -1
1 -7.424619 -7.424623 8.000000 0.601562 0.500000 -1
1 22.627413 22.627420 0.000000 0.898438 1.000000 -1
1 -20.859653 20.859646 0.000000 0.601562 0.000000 -1
1 20.859648 20.859652 0.000000 0.601562 1.000000 -1
1 5.656855 -5.656853 8.000000 0.898438 0.000000 -1
1 7.424620 7.424623 8.000000 0.601562 0.500000 -1
1 5.656854 5.656855 8.000000 0.898438 0.400000 -1
1 -5.656855 5.656854 8.000000 0.898438 0.000000 -1
1 -5.656853 -5.656855 8.000000 0.898438 0.400000 -1
1 -22.627413 -22.627420 0.000000 0.898438 1.000000 -1
1 20.859652 -20.859648 0.000000 0.601562 0.000000 -1
1 -20.859646 -20.859653 0.000000 0.601562 1.000000 -1
1 20.859648 20.859652 0.000000 0.601562 0.000000 -1
1 22.627420 -22.627413 0.000000 0.898438 1.000000 -1
1 22.627413 22.627420 0.000000 0.898438 0.000000 -1
1 -7.424623 7.424620 8.000000 0.601562 1.000000 -1
1 5.656854 5.656855 8.000000 0.898438 0.600000 -1
1 -20.859653 20.859646 0.000000 0.601562 1.000000 -1
1 5.656855 -5.656853 8.000000 0.898438 1.000000 -1
1 -22.627420 22.627413 0.000000 0.898438 0.000000 -1
1 7.424623 -7.424619 8.000000 0.601562 0.000000 -1
1 -7.424623 7.424620 8.000000 0.601562 0.000000 -1
1 22.627420 -22.627413 0.000000 0.898438 0.000000 -1
1 20.859652 -20.859648 0.000000 0.601562 1.000000 -1
1 -5.656855 5.656854 8.000000 0.898438 1.000000 -1
9
-0.227407 -0.227407 0.946875
0.000000 0.000000 1.000000
0.390637 -0.195318 0.899585
-0.195318 -0.390637 0.899585
-0.345656 0.345655 0.872379
0.227407 0.227407 0.946875
0.195318 0.390637 0.899585
0.345656 -0.345655 0.872379
-0.390637 0.195318 0.899585
16
0 0 1 2 0 1 1 1
0 3 4 5 2 1 3 1
0 6 7 8 1 4 5 1
0 9 10 11 1 6 1 1
0 12 5 13 1 3 1 1
0 14 15 16 1 7 0 1
0 17 18 19 5 1 1 1
0 20 21 10 8 1 6 1
0 0 22 1 0 4 1 1
0 3 23 4 2 1 1 1
0 6 24 7 1 1 4 1
0 9 25 10 1 2 6 1
0 12 26 5 1 8 3 1
0 14 27 15 1 1 7 1
0 17 28 18 5 7 1 1
0 20 29 21 8 1 1 1
"Frame.Black" 0 1
16
1 10.606603 -10.606600 4.000000 0.953125 0.500000 -1
1 9.192387 9.192389 4.000000 0.953125 0.500000 -1
1 9.192389 -9.192387 4.000000 0.953125 0.500000 -1
1 -9.192387 -9.192389 4.000000 0.953125 0.500000 -1
1 -19.091887 19.091881 4.000000 0.953125 0.500000 -1
1 -17.677666 -17.677671 4.000000 0.953125 0.500000 -1
1 -17.677671 17.677666 4.000000 0.953125 0.500000 -1
1 17.677668 17.677671 4.000000 0.953125 0.500000 -1
1 19.091885 -19.091881 4.000000 0.953125 0.500000 -1
1 17.677671 -17.677666 4.000000 0.953125 0.500000 -1
1 -10.606603 10.606600 4.000000 0.953125 0.500000 -1
1 -9.192389 9.192387 4.000000 0.953125 0.500000 -1
1 10.606601 10.606603 4.000000 0.953125 0.500000 -1
1 -10.606600 -10.606604 4.000000 0.953125 0.500000 -1
1 -19.091879 -19.091887 4.000000 0.953125 0.500000 -1
1 19.091881 19.091885 4.000000 0.953125 0.500000 -1
9
0.000000 0.000000 1.000000
0.326690 0.163345 0.930909
0.240166 -0.480331 0.843565
-0.326690 -0.163345 0.930909
-0.183689 0.183689 0.965669
0.183689 -0.183689 0.965669
-0.240166 0.480331 0.843565
-0.411370 -0.411371 0.813356
0.411370 0.411371 0.813356
16
0 0 1 2 0 1 2 1
0 3 0 2 3 0 2 1
0 4 5 6 4 0 0 1
0 7 4 6 0 4 0 1
0 5 8 9 0 5 0 1
0 8 7 9 5 0 0 1
0 1 10 11 1 0 6 1
0 10 3 11 0 3 6 1
0 0 12 1 0 0 1 1
0 3 13 0 3 0 0 1
0 4 14 5 4 7 0 1
0 7 15 4 0 8 4 1
0 5 14 8 0 7 5 1
0 8 15 7 5 8 0 1
0 1 12 10 1 0 0 1
0 10 13 3 0 0 3 1
"Frame.Vibrant" 0 3
30
0 20.859652 -20.859648 0.000000 0.046875 0.000000 -1
0 19.091881 19.091885 4.000000 0.015625 1.000000 -1
0 19.091885 -19.091881 4.000000 0.015625 0.000000 -1
0 9.192389 -9.192387 4.000000 0.015625 0.000000 -1
0 -7.424619 -7.424623 8.000000 0.046875 0.500000 -1
0 -9.192387 -9.192389 4.000000 0.015625 0.656250 -1
0 9.192387 9.192389 4.000000 0.015625 0.343750 -1
0 7.424623 -7.424619 8.000000 0.046875 1.000000 -1
0 9.192389 -9.192387 4.000000 0.015625 1.000000 -1
0 -19.091879 -19.091887 4.000000 0.015625 0.000000 -1
0 20.859652 -20.859648 0.000000 0.046875 1.000000 -1
0 19.091885 -19.091881 4.000000 0.015625 1.000000 -1
0 19.091881 19.091885 4.000000 0.015625 0.000000 -1
0 -20.859653 20.859646 0.000000 0.046875 1.000000 -1
0 -19.091887 19.091881 4.000000 0.015625 1.000000 -1
0 -9.192387 -9.192389 4.000000 0.015625 0.343750 -1
0 -7.424623 7.424620 8.000000 0.046875 1.000000 -1
0 -9.192389 9.192387 4.000000 0.015625 1.000000 -1
0 -9.192389 9.192387 4.000000 0.015625 0.000000 -1
0 7.424620 7.424623 8.000000 0.046875 0.500000 -1
0 9.192387 9.192389 4.000000 0.015625 0.656250 -1
0 -20.859653 20.859646 0.000000 0.046875 0.000000 -1
0 -19.091879 -19.091887 4.000000 0.015625 1.000000 -1
0 -19.091887 19.091881 4.000000 0.015625 0.000000 -1
0 20.859648 20.859652 0.000000 0.046875 1.000000 -1
0 7.424623 -7.424619 8.000000 0.046875 0.000000 -1
0 -20.859646 -20.859653 0.000000 0.046875 0.000000 -1
0 20.859648 20.859652 0.000000 0.046875 0.000000 -1
0 -7.424623 7.424620 8.000000 0.046875 0.000000 -1
0 -20.859646 -20.859653 0.000000 0.046875 1.000000 -1
16
0.345656 -0.345655 0.872379
0.411370 0.411371 0.813356
0.183689 -0.183689 0.965669
0.240166 -0.480331 0.843565
-0.195318 -0.390637 0.899585
-0.326690 -0.163345 0.930909
0.326690 0.163345 0.930909
0.390637 -0.195318 0.899585
-0.411370 -0.411371 0.813356
-0.345656 0.345655 0.872379
-0.183689 0.183689 0.965669
-0.390637 0.195318 0.899585
-0.240166 0.480331 0.843565
0.195318 0.390637 0.899585
0.227407 0.227407 0.946875
-0.227407 -0.227407 0.946875
16
0 0 1 2 0 1 2 1
0 3 4 5 3 4 5 1
0 6 7 8 6 7 3 1
0 9 10 11 8 0 2 1
0 12 13 14 1 9 10 1
0 15 16 17 5 11 12 1
0 18 19 20 12 13 6 1
0 21 22 23 9 8 10 1
0 0 24 1 0 14 1 1
0 3 25 4 3 7 4 1
0 6 19 7 6 13 7 1
0 9 26 10 8 15 0 1
0 12 27 13 1 14 9 1
0 15 4 16 5 4 11 1
0 18 28 19 12 11 13 1
0 21 29 22 9 15 8 1

Materials: 4
"Fill"
1.000000 1.000000 1.000000 1.000000
0.800000 0.800000 0.800000 1.000000
0.500000 0.500000 0.500000 1.000000
0.000000 0.000000 0.000000 1.000000
0.128000
1.000000
"textures/Fill.ini"
""
"Frame.Black"
1.000000 1.000000 1.000000 1.000000
0.800000 0.800000 0.800000 1.000000
0.500000 0.500000 0.500000 1.000000
0.000000 0.000000 0.000000 1.000000
0.128000
1.000000
"textures/FrameBlack.png"
""
"Frame.Chrome"
1.000000 1.000000 1.000000 1.000000
0.800000 0.800000 0.800000 1.000000
0.500000 0.500000 0.500000 1.000000
0.000000 0.000000 0.000000 1.000000
0.128000
1.000000
"textures/FrameChrome.ini"
""
"Frame.Vibrant"
1.000000 1.000000 1.000000 1.000000
0.800000 0.800000 0.800000 1.000000
0.500000 0.500000 0.500000 1.000000
0.000000 0.000000 0.000000 1.000000
0.128000
1.000000
"textures/FrameVibrant.ini"
""

Bones: 0
GroupComments: 0
MaterialComments: 0
BoneComments: 0
ModelComment: 0
