// MilkShape 3D ASCII

Frames: 30
Frame: 1

Meshes: 4
"Fill" 0 0
11
0 -25.000000 0.000000 4.000020 0.046875 -0.187500 -1
0 -5.000000 -10.000000 4.000021 0.023438 -0.062500 -1
0 -20.000000 5.000000 4.000019 0.046875 -0.062500 -1
0 5.000000 20.000000 4.000018 0.046875 0.281250 -1
0 0.000000 25.000000 4.000018 0.015625 0.281250 -1
0 -5.000000 20.000000 4.000018 0.046875 0.281250 -1
0 5.000000 -10.000000 4.000021 0.046875 -0.031250 -1
0 5.000000 -10.000000 4.000021 0.023438 -0.062500 -1
0 25.000000 0.000000 4.000020 0.046875 -0.187500 -1
0 20.000000 5.000000 4.000019 0.046875 -0.062500 -1
0 0.000000 -25.000000 4.000021 0.015625 -0.187500 -1
1
-0.000000 -0.000000 1.000000
8
0 0 1 2 0 0 0 1
0 3 4 5 0 0 0 1
0 5 6 3 0 0 0 1
0 7 8 9 0 0 0 1
0 1 10 6 0 0 0 1
0 0 10 1 0 0 0 1
0 5 1 6 0 0 0 1
0 7 10 8 0 0 0 1
"Frame.Vibrant" 0 3
24
0 -8.000000 21.500000 0.000018 0.015625 0.203125 -1
0 0.000000 27.000000 4.000018 0.031250 0.046875 -1
0 0.000000 29.500000 0.000017 0.031250 0.000000 -1
0 0.000000 -29.500000 0.000022 0.015625 1.000000 -1
0 -27.000000 0.000000 4.000020 0.039062 0.218750 -1
0 -29.500000 0.000000 0.000019 0.046875 0.218750 -1
0 -6.500000 20.500000 4.000018 0.023438 0.218750 -1
0 -8.000000 -2.500000 0.000020 0.015625 0.796875 -1
0 -6.500000 -6.500000 4.000020 0.023438 0.781250 -1
0 -20.000000 9.500000 0.000019 0.023438 0.000000 -1
0 8.000000 21.500000 0.000018 0.046875 0.203125 -1
0 27.000000 0.000000 4.000020 0.039062 0.218750 -1
0 29.500000 0.000000 0.000019 0.046875 0.218750 -1
0 8.000000 -2.500000 0.000020 0.046875 0.796875 -1
0 6.500000 20.500000 4.000018 0.039062 0.218750 -1
0 6.500000 -6.500000 4.000020 0.039062 0.781250 -1
0 20.000000 7.000000 4.000019 0.023438 0.046875 -1
0 8.000000 -2.500000 0.000020 0.015625 0.562500 -1
0 20.000000 9.500000 0.000019 0.023438 0.000000 -1
0 -20.000000 7.000000 4.000019 0.023438 0.046875 -1
0 -8.000000 -2.500000 0.000020 0.015625 0.562500 -1
0 0.000000 -27.000000 4.000021 0.015625 0.953125 -1
0 6.500000 -6.500000 4.000020 0.015625 0.593750 -1
0 -6.500000 -6.500000 4.000020 0.015625 0.593750 -1
6
-0.646800 0.646800 0.404200
-0.646800 -0.646800 0.404200
-0.936300 -0.000000 0.351100
0.646800 0.646800 0.404200
0.646800 -0.646800 0.404200
0.936300 -0.000000 0.351100
20
0 0 1 2 0 0 0 1
0 3 4 5 1 1 1 1
0 6 7 8 2 2 2 1
0 4 9 5 0 0 0 1
0 1 10 2 3 3 3 1
0 11 3 12 4 4 4 1
0 13 14 15 5 5 5 1
0 12 16 11 3 3 3 1
0 17 16 18 0 0 0 1
0 19 20 9 3 3 3 1
0 0 6 1 0 0 0 1
0 3 21 4 1 1 1 1
0 6 0 7 2 2 2 1
0 4 19 9 0 0 0 1
0 1 14 10 3 3 3 1
0 11 21 3 4 4 4 1
0 13 10 14 5 5 5 1
0 12 18 16 3 3 3 1
0 17 22 16 0 0 0 1
0 19 23 20 3 3 3 1
"Frame.Chrome" 0 2
40
1 -29.500000 0.000000 0.000019 0.601562 0.000000 -1
1 -20.000000 12.000000 0.000018 0.898438 1.000000 -1
1 -32.000000 0.000000 0.000019 0.898438 0.000000 -1
1 0.000000 -29.500000 0.000022 0.601562 0.000000 -1
1 -32.000000 0.000000 0.000019 0.898438 1.000000 -1
1 0.000000 -32.000000 0.000022 0.898438 0.000000 -1
1 20.000000 12.000000 0.000018 0.898438 0.000000 -1
1 29.500000 0.000000 0.000019 0.601562 1.000000 -1
1 32.000000 0.000000 0.000019 0.898438 1.000000 -1
1 32.000000 0.000000 0.000019 0.898438 0.000000 -1
1 0.000000 -29.500000 0.000022 0.601562 1.000000 -1
1 0.000000 -32.000000 0.000022 0.898438 1.000000 -1
1 10.000000 2.000000 0.000019 0.898438 0.500000 -1
1 20.000000 9.500000 0.000019 0.601562 1.000000 -1
1 20.000000 12.000000 0.000018 0.898438 1.000000 -1
1 -10.000000 2.000000 0.000019 0.898438 0.500000 -1
1 -20.000000 9.500000 0.000019 0.601562 0.000000 -1
1 -8.000000 -2.500000 0.000020 0.601562 0.500000 -1
1 -10.000000 2.000000 0.000019 0.898438 0.000000 -1
1 -8.000000 21.500000 0.000018 0.601562 1.000000 -1
1 -10.000000 22.000000 0.000018 0.898438 1.000000 -1
1 0.000000 29.500000 0.000017 0.601562 1.000000 -1
1 -10.000000 22.000000 0.000018 0.898438 0.000000 -1
1 -8.000000 21.500000 0.000018 0.601562 0.000000 -1
1 8.000000 21.500000 0.000018 0.601562 0.000000 -1
1 10.000000 2.000000 0.000019 0.898438 1.000000 -1
1 10.000000 22.000000 0.000018 0.898438 0.000000 -1
1 10.000000 22.000000 0.000018 0.898438 1.000000 -1
1 0.000000 29.500000 0.000017 0.601562 0.000000 -1
1 8.000000 21.500000 0.000018 0.601562 1.000000 -1
1 -20.000000 9.500000 0.000019 0.601562 1.000000 -1
1 -29.500000 0.000000 0.000019 0.601562 1.000000 -1
1 20.000000 9.500000 0.000019 0.601562 0.000000 -1
1 29.500000 0.000000 0.000019 0.601562 0.000000 -1
1 8.000000 -2.500000 0.000020 0.601562 0.500000 -1
1 -20.000000 12.000000 0.000018 0.898438 0.000000 -1
1 -8.000000 -2.500000 0.000020 0.601562 0.000000 -1
1 0.000000 32.000000 0.000017 0.898438 1.000000 -1
1 8.000000 -2.500000 0.000020 0.601562 1.000000 -1
1 0.000000 32.000000 0.000017 0.898438 0.000000 -1
1
-0.000000 -0.000000 1.000000
20
0 0 1 2 0 0 0 1
0 3 4 5 0 0 0 1
0 6 7 8 0 0 0 1
0 9 10 11 0 0 0 1
0 12 13 14 0 0 0 1
0 15 16 17 0 0 0 1
0 18 19 20 0 0 0 1
0 21 22 23 0 0 0 1
0 24 25 26 0 0 0 1
0 27 28 29 0 0 0 1
0 0 30 1 0 0 0 1
0 3 31 4 0 0 0 1
0 6 32 7 0 0 0 1
0 9 33 10 0 0 0 1
0 12 34 13 0 0 0 1
0 15 35 16 0 0 0 1
0 18 36 19 0 0 0 1
0 21 37 22 0 0 0 1
0 24 38 25 0 0 0 1
0 27 39 28 0 0 0 1
"Frame.Black" 0 1
20
0 0.000000 -25.000000 4.000021 0.953125 0.500000 -1
0 -27.000000 0.000000 4.000020 0.953125 0.500000 -1
0 0.000000 -27.000000 4.000021 0.953125 0.500000 -1
0 -20.000000 7.000000 4.000019 0.953125 0.500000 -1
0 -25.000000 0.000000 4.000020 0.953125 0.500000 -1
0 -20.000000 5.000000 4.000019 0.953125 0.500000 -1
0 -6.500000 -6.500000 4.000020 0.953125 0.500000 -1
0 25.000000 0.000000 4.000020 0.953125 0.500000 -1
0 20.000000 7.000000 4.000019 0.953125 0.500000 -1
0 20.000000 5.000000 4.000019 0.953125 0.500000 -1
0 6.500000 -6.500000 4.000020 0.953125 0.500000 -1
0 5.000000 -10.000000 4.000021 0.953125 0.500000 -1
0 -6.500000 20.500000 4.000018 0.953125 0.500000 -1
0 0.000000 25.000000 4.000018 0.953125 0.500000 -1
0 0.000000 27.000000 4.000018 0.953125 0.500000 -1
0 -5.000000 20.000000 4.000018 0.953125 0.500000 -1
0 -5.000000 -10.000000 4.000021 0.953125 0.500000 -1
0 6.500000 20.500000 4.000018 0.953125 0.500000 -1
0 5.000000 20.000000 4.000018 0.953125 0.500000 -1
0 27.000000 0.000000 4.000020 0.953125 0.500000 -1
1
-0.000000 -0.000000 1.000000
20
0 0 1 2 0 0 0 1
0 3 4 5 0 0 0 1
0 5 6 3 0 0 0 1
0 2 7 0 0 0 0 1
0 7 8 9 0 0 0 1
0 9 10 11 0 0 0 1
0 12 13 14 0 0 0 1
0 15 6 16 0 0 0 1
0 13 17 14 0 0 0 1
0 10 18 11 0 0 0 1
0 0 4 1 0 0 0 1
0 3 1 4 0 0 0 1
0 5 16 6 0 0 0 1
0 2 19 7 0 0 0 1
0 7 19 8 0 0 0 1
0 9 8 10 0 0 0 1
0 12 15 13 0 0 0 1
0 15 12 6 0 0 0 1
0 13 18 17 0 0 0 1
0 10 17 18 0 0 0 1

Materials: 4
"Fill"
1.000000 1.000000 1.000000 1.000000
0.800000 0.800000 0.800000 1.000000
0.500000 0.500000 0.500000 1.000000
0.000000 0.000000 0.000000 1.000000
0.128000
1.000000
"textures/Fill.ini"
""
"Frame.Black"
1.000000 1.000000 1.000000 1.000000
0.800000 0.800000 0.800000 1.000000
0.500000 0.500000 0.500000 1.000000
0.000000 0.000000 0.000000 1.000000
0.128000
1.000000
"textures/FrameBlack.png"
""
"Frame.Chrome"
1.000000 1.000000 1.000000 1.000000
0.800000 0.800000 0.800000 1.000000
0.500000 0.500000 0.500000 1.000000
0.000000 0.000000 0.000000 1.000000
0.128000
1.000000
"textures/FrameChrome.ini"
""
"Frame.Vibrant"
1.000000 1.000000 1.000000 1.000000
0.800000 0.800000 0.800000 1.000000
0.500000 0.500000 0.500000 1.000000
0.000000 0.000000 0.000000 1.000000
0.128000
1.000000
"textures/FrameVibrant.ini"
""

Bones: 0
GroupComments: 0
MaterialComments: 0
BoneComments: 0
ModelComment: 0
