// MilkShape 3D ASCII

Frames: 30
Frame: 1

Meshes: 2
"NoteColour" 1 0
22
0 -5.000000 -6.000001 7.499999 0.094057 0.762889 -1
0 -18.000000 6.999999 7.500001 0.094140 0.514031 -1
0 -22.000000 6.999999 7.500001 0.071854 0.475756 -1
0 -25.000000 3.999999 7.500000 0.038405 0.475772 -1
0 -25.000000 -0.000001 7.500000 0.016094 0.514069 -1
0 0.000000 -25.000002 7.499996 0.015933 0.992642 -1
0 0.000000 20.999998 7.500003 0.055525 0.511956 -1
0 0.000000 24.999998 7.500004 0.055525 0.474794 -1
0 -1.000000 24.999998 7.500004 0.047644 0.474790 -1
0 -5.000000 20.999998 7.500003 0.016117 0.511943 -1
0 -5.000000 -6.000001 7.499999 0.016117 0.762794 -1
0 0.000000 -6.000001 7.499999 0.055525 0.762809 -1
0 0.000000 -25.000002 7.499996 0.055506 0.992366 -1
0 22.000000 6.999999 7.500001 0.038398 0.475769 -1
0 18.000000 6.999999 7.500001 0.016099 0.514021 -1
0 5.000000 -6.000001 7.499999 0.016140 0.762805 -1
0 25.000000 3.999999 7.500000 0.071857 0.475801 -1
0 25.000000 -0.000001 7.500000 0.094169 0.514097 -1
0 0.000000 -25.000002 7.499996 0.094247 0.992531 -1
0 1.000000 24.999998 7.500004 0.063407 0.474797 -1
0 5.000000 20.999998 7.500003 0.094934 0.511970 -1
0 5.000000 -6.000001 7.499999 0.094934 0.762822 -1
17
-0.000000 -0.000000 1.000000
0.000000 -0.000000 1.000000
-0.000000 -0.000000 1.000000
-0.000000 -0.000000 1.000000
0.000000 -0.000000 1.000000
0.000000 -0.000000 1.000000
0.000000 -0.000000 1.000000
0.000000 -0.000000 1.000000
0.000000 -0.000000 1.000000
0.000000 -0.000000 1.000000
0.000000 -0.000000 1.000000
0.000000 -0.000000 1.000000
0.000000 -0.000000 1.000000
0.000000 -0.000000 1.000000
0.000000 -0.000000 1.000000
-0.000000 -0.000000 1.000000
-0.000000 -0.000000 1.000000
18
0 0 1 2 0 1 2 1
0 3 0 2 3 0 2 1
0 3 4 0 3 4 0 1
0 0 4 5 0 4 5 1
0 6 7 8 6 7 7 1
0 8 9 6 7 8 6 1
0 10 11 6 9 10 6 1
0 6 9 10 6 8 9 1
0 10 12 11 9 11 10 1
0 13 14 15 12 1 13 1
0 13 15 16 12 13 14 1
0 15 17 16 13 15 14 1
0 18 17 15 16 15 13 1
0 19 7 6 7 7 6 1
0 6 20 19 6 8 7 1
0 6 11 21 6 10 9 1
0 21 20 6 9 8 6 1
0 11 12 21 10 11 9 1
"NoteFrame" 0 1
32
0 1.000000 24.999998 7.500004 0.515625 1.000000 -1
0 3.000000 30.000000 0.000005 0.515625 0.000000 -1
0 -3.000000 30.000000 0.000005 0.484375 0.000000 -1
0 -1.000000 24.999998 7.500004 0.484375 1.000000 -1
0 5.000000 20.999998 7.500003 0.578125 1.000000 -1
0 10.000000 23.000000 0.000004 0.578125 0.000000 -1
0 5.000000 -6.000001 7.499999 0.656250 1.000000 -1
0 10.000000 5.000000 0.000001 0.656250 0.000000 -1
0 18.000000 6.999999 7.500001 0.734375 1.000000 -1
0 17.000000 12.000000 0.000002 0.734375 0.000000 -1
0 22.000000 6.999999 7.500001 0.781250 1.000000 -1
0 24.000000 12.000000 0.000002 0.781250 0.000000 -1
0 25.000000 3.999999 7.500000 0.843750 1.000000 -1
0 30.000000 6.000000 0.000001 0.843750 0.000000 -1
0 30.000000 -1.000000 -0.000000 0.906250 0.000000 -1
0 25.000000 -0.000001 7.500000 0.906250 1.000000 -1
0 0.000000 -25.000002 7.499996 1.000000 1.000000 -1
0 0.000000 -31.000000 -0.000005 1.000000 0.000000 -1
0 -10.000000 23.000000 0.000004 0.421875 0.000000 -1
0 -5.000000 20.999998 7.500003 0.421875 1.000000 -1
0 -10.000000 5.000000 0.000001 0.343750 0.000000 -1
0 -5.000000 -6.000001 7.499999 0.343750 1.000000 -1
0 -17.000000 12.000000 0.000002 0.265625 0.000000 -1
0 -18.000000 6.999999 7.500001 0.265625 1.000000 -1
0 -24.000000 12.000000 0.000002 0.218750 0.000000 -1
0 -22.000000 6.999999 7.500001 0.218750 1.000000 -1
0 -30.000000 6.000000 0.000001 0.156250 0.000000 -1
0 -25.000000 3.999999 7.500000 0.156250 1.000000 -1
0 -30.000000 -1.000000 -0.000000 0.093750 0.000000 -1
0 -25.000000 -0.000001 7.500000 0.093750 1.000000 -1
0 0.000000 -31.000000 -0.000005 0.000000 0.000000 -1
0 0.000000 -25.000002 7.499996 0.000000 1.000000 -1
32
0.206267 0.787880 0.580258
0.412534 0.703340 0.578903
-0.311340 0.750285 0.583215
-0.311340 0.750285 0.583215
0.703340 0.412534 0.578903
0.787880 0.206267 0.580258
0.521455 0.306046 0.796505
-0.198342 0.612093 0.765508
-0.431414 0.723032 0.539543
-0.215707 0.798944 0.561390
0.206267 0.787880 0.580258
0.412534 0.703340 0.578903
0.750285 0.311340 0.583214
0.750285 0.311340 0.583214
0.798944 -0.215707 0.561390
0.723032 -0.431414 0.539543
0.615457 -0.615458 0.492366
0.615457 -0.615458 0.492366
-0.787880 0.206267 0.580258
-0.703340 0.412534 0.578903
0.198342 0.612093 0.765508
-0.521455 0.306046 0.796505
0.215707 0.798944 0.561390
0.431414 0.723032 0.539543
-0.412534 0.703340 0.578903
-0.206267 0.787880 0.580258
-0.750285 0.311340 0.583214
-0.750285 0.311340 0.583214
-0.798944 -0.215707 0.561390
-0.723032 -0.431414 0.539543
-0.615457 -0.615458 0.492366
-0.615457 -0.615458 0.492366
30
0 0 1 2 0 1 2 1
0 2 3 0 2 3 0 1
0 4 5 1 4 5 1 1
0 1 0 4 1 0 4 1
0 6 7 5 6 7 5 1
0 5 4 6 5 4 6 1
0 8 9 7 8 9 7 1
0 8 7 6 8 7 6 1
0 10 11 9 10 11 9 1
0 12 13 11 12 13 11 1
0 10 12 11 10 12 11 1
0 8 10 9 8 10 9 1
0 14 13 12 14 13 12 1
0 14 12 15 14 12 15 1
0 15 16 17 15 16 17 1
0 17 14 15 17 14 15 1
0 2 18 19 2 18 19 1
0 19 3 2 19 3 2 1
0 18 20 21 18 20 21 1
0 21 19 18 21 19 18 1
0 20 22 23 20 22 23 1
0 21 20 23 21 20 23 1
0 22 24 25 22 24 25 1
0 24 26 27 24 26 27 1
0 24 27 25 24 27 25 1
0 22 25 23 22 25 23 1
0 27 26 28 27 26 28 1
0 29 27 28 29 27 28 1
0 30 31 29 30 31 29 1
0 29 28 30 29 28 30 1

Materials: 2
"NoteColourTex"
0.200000 0.200000 0.200000 1.000000
0.800000 0.800000 0.800000 1.000000
0.000000 0.000000 0.000000 1.000000
0.000000 0.000000 0.000000 1.000000
0.128000
1.000000
"textures/Tap Note Colours.ini"
""
"NoteFrameTex"
0.200000 0.200000 0.200000 1.000000
0.800000 0.800000 0.800000 1.000000
0.000000 0.000000 0.000000 1.000000
0.000000 0.000000 0.000000 1.000000
0.128000
1.000000
"textures/Tap Note Frame.ini"
""

Bones: 0
GroupComments: 0
MaterialComments: 0
BoneComments: 0
ModelComment: 0
