// MilkShape 3D ASCII

Frames: 30
Frame: 1

Meshes: 1
"Plane" 0 0
4
0 -32.000000 32.000000 0.000000 0.000000 0.000000 0
1 -32.000000 -32.000000 0.000000 0.000000 1.000000 0
0 32.000000 -32.000000 0.000000 1.000000 1.000000 0
0 32.000000 32.000000 0.000000 1.000000 0.000000 0
1
0.000000 0.000000 1.000000
2
0 0 1 2 0 0 0 1
0 0 2 3 0 0 0 1

Materials: 1
"tex"
0.200000 0.200000 0.200000 1.000000
0.800000 0.800000 0.800000 1.000000
0.000000 0.000000 0.000000 1.000000
0.000000 0.000000 0.000000 1.000000
0.128000
1.000000
"_mine.png"
""

Bones: 1
"joint1"
""
8 0.000000 0.000000 0.000000 0.000000 -0.000000 0.000000
2
1.000000 0.000000 0.000000 0.000000
120.000000 0.000000 0.000000 0.000000
3
1.000000 0.000000 -0.000000 0.000000
60.000000 0.000000 -0.000000 3.100000
120.000000 0.000000 0.000000 -0.083185
GroupComments: 0
MaterialComments: 0
BoneComments: 0
ModelComment: 0
