// MilkShape 3D ASCII

Frames: 30
Frame: 1

Meshes: 4
"default" 0 0
26
1 -16.263456 -16.263454 4.000008 0.023437 0.281250 -1
1 -16.263456 16.263458 3.999998 0.023437 0.281250 -1
1 -17.324116 15.202797 3.999998 0.031250 0.281250 -1
1 16.263456 16.263458 4.000004 0.023437 0.281250 -1
1 16.263456 -16.263454 4.000013 0.023437 0.281250 -1
1 17.324116 -15.202795 4.000013 0.031250 0.281250 -1
1 15.202796 -17.324114 4.000013 0.031250 0.281250 -1
1 -15.202796 17.324118 3.999998 0.031250 0.281250 -1
1 4.949746 -5.656852 8.500008 0.031250 0.281250 -1
1 -0.000001 0.000002 8.500006 0.015625 0.218750 -1
1 -5.656856 -5.656852 8.500007 0.023437 0.281250 -1
1 -4.949748 5.656856 8.500004 0.031250 0.281250 -1
1 5.656853 5.656857 8.500005 0.023437 0.281250 -1
1 -5.656855 4.949749 8.500004 0.031250 0.281250 -1
1 5.656853 -4.949745 8.500008 0.031250 0.281250 -1
1 5.656853 4.949750 8.500005 0.031250 0.281250 -1
1 -17.324116 -15.202795 4.000007 0.031250 0.281250 -1
1 -0.000000 0.000001 4.000006 0.015625 0.218750 -1
1 17.324116 15.202797 4.000004 0.031250 0.281250 -1
1 -15.202796 -17.324114 4.000008 0.031250 0.281250 -1
1 15.202796 17.324118 4.000003 0.031250 0.281250 -1
1 -4.949749 -5.656852 8.500006 0.031250 0.281250 -1
1 5.656853 -5.656852 8.500008 0.023437 0.281250 -1
1 4.949746 5.656857 8.500005 0.031250 0.281250 -1
1 -5.656855 5.656856 8.500004 0.023437 0.281250 -1
1 -5.656856 -4.949745 8.500007 0.031250 0.281250 -1
26
-0.000000 0.000000 1.000000
-0.000000 0.000000 1.000000
-0.000000 0.000000 1.000000
-0.000000 0.000000 1.000000
-0.000000 0.000000 1.000000
0.000000 0.000000 1.000000
-0.000000 0.000000 1.000000
-0.000000 0.000001 1.000000
-0.000000 -0.242535 0.970143
-0.000000 0.000000 1.000000
0.146744 -0.154682 0.977006
-0.000000 -0.148554 0.988904
-0.000000 -0.104845 0.994489
0.214670 0.000000 0.976687
-0.000001 0.000000 1.000000
-0.000001 0.000000 1.000000
-0.000000 0.000000 1.000000
-0.000000 0.000000 1.000000
0.000000 0.000000 1.000000
-0.000000 0.000000 1.000000
-0.000000 0.000000 1.000000
0.000000 -0.316227 0.948683
-0.000001 0.000001 1.000000
-0.000000 -0.187365 0.982290
-0.000001 0.000001 1.000000
0.275039 0.000000 0.961433
24
0 0 1 2 0 1 2 1
0 3 4 5 3 4 5 1
0 0 6 4 0 6 4 1
0 3 7 1 3 7 1 1
0 8 9 10 8 9 10 1
0 11 9 12 11 9 12 1
0 9 13 10 9 13 10 1
0 9 14 15 9 14 15 1
0 2 16 0 2 16 0 1
0 0 17 1 0 17 1 1
0 5 18 3 5 18 3 1
0 3 17 4 3 17 4 1
0 4 17 0 4 17 0 1
0 0 19 6 0 19 6 1
0 1 17 3 1 17 3 1
0 3 20 7 3 20 7 1
0 10 21 8 10 21 8 1
0 8 22 9 8 22 9 1
0 12 23 11 12 23 11 1
0 11 24 9 11 24 9 1
0 9 24 13 9 24 13 1
0 13 25 10 13 25 10 1
0 9 22 14 9 22 14 1
0 15 12 9 15 12 9 1
"Frame.Chrome" 0 2
80
1 -20.506096 -16.970562 0.000007 0.601562 0.000000 -1
1 -22.273861 18.031223 -0.000003 0.898438 1.000000 -1
1 -22.273863 -18.031221 0.000007 0.898438 0.000000 -1
1 -20.506096 16.970564 -0.000003 0.601562 0.000000 -1
1 -20.152542 20.152544 -0.000004 0.898438 0.500000 -1
1 -22.273861 18.031223 -0.000003 0.898438 0.000000 -1
1 -18.031221 22.273863 -0.000004 0.898438 0.000000 -1
1 16.970564 20.506098 0.000002 0.601562 1.000000 -1
1 18.031223 22.273865 0.000002 0.898438 1.000000 -1
1 -16.970562 20.506098 -0.000003 0.601562 1.000000 -1
1 -18.031221 22.273863 -0.000004 0.898438 1.000000 -1
1 20.506098 16.970564 0.000004 0.601562 0.000000 -1
1 22.273865 -18.031221 0.000015 0.898438 1.000000 -1
1 22.273865 18.031223 0.000004 0.898438 0.000000 -1
1 20.506098 -16.970562 0.000014 0.601562 0.000000 -1
1 20.152544 -20.152542 0.000015 0.898438 0.500000 -1
1 22.273865 -18.031221 0.000015 0.898438 0.000000 -1
1 18.031223 -22.273863 0.000015 0.898438 0.000000 -1
1 -16.970562 -20.506096 0.000009 0.601562 1.000000 -1
1 -18.031221 -22.273863 0.000009 0.898438 1.000000 -1
1 16.970564 -20.506096 0.000014 0.601562 1.000000 -1
1 18.031223 -22.273863 0.000015 0.898438 1.000000 -1
1 16.970564 20.506098 0.000002 0.601562 0.000000 -1
1 20.152544 20.152544 0.000003 0.898438 0.500000 -1
1 18.031223 22.273865 0.000002 0.898438 0.000000 -1
1 20.506098 16.970564 0.000004 0.601562 1.000000 -1
1 22.273865 18.031223 0.000004 0.898438 1.000000 -1
1 -16.970562 -20.506096 0.000009 0.601562 0.000000 -1
1 -20.152542 -20.152542 0.000008 0.898438 0.500000 -1
1 -18.031221 -22.273863 0.000009 0.898438 0.000000 -1
1 -20.506096 -16.970562 0.000007 0.601562 1.000000 -1
1 -22.273863 -18.031221 0.000007 0.898438 1.000000 -1
1 -8.485281 -10.606601 4.500007 0.898438 0.000000 -1
1 7.424621 -8.838833 4.500010 0.601562 1.000000 -1
1 -7.424622 -8.838833 4.500007 0.601562 0.000000 -1
1 9.545940 -9.545939 4.500010 0.898438 0.500000 -1
1 7.424621 -8.838833 4.500010 0.601562 0.000000 -1
1 8.485281 -10.606600 4.500010 0.898438 0.000000 -1
1 10.606602 8.485282 4.500005 0.898438 1.000000 -1
1 8.838834 -7.424620 4.500010 0.601562 0.000000 -1
1 10.606601 -8.485280 4.500010 0.898438 0.000000 -1
1 8.838834 -7.424620 4.500010 0.601562 1.000000 -1
1 8.131727 -8.131726 4.500010 0.601562 0.500000 -1
1 -8.485282 10.606604 4.500001 0.898438 1.000000 -1
1 7.424621 8.838836 4.500004 0.601562 0.000000 -1
1 8.485281 10.606603 4.500004 0.898438 0.000000 -1
1 -9.545942 9.545943 4.500001 0.898438 0.500000 -1
1 -7.424622 8.838837 4.500002 0.601562 0.000000 -1
1 -8.485282 10.606604 4.500001 0.898438 0.000000 -1
1 -8.838835 -7.424620 4.500007 0.601562 1.000000 -1
1 -10.606603 8.485283 4.500001 0.898438 0.000000 -1
1 -10.606602 -8.485280 4.500006 0.898438 1.000000 -1
1 -8.838836 7.424623 4.500002 0.601562 1.000000 -1
1 -8.131728 8.131729 4.500002 0.601562 0.500000 -1
1 9.545941 9.545942 4.500004 0.898438 0.500000 -1
1 8.838834 7.424623 4.500005 0.601562 0.000000 -1
1 10.606602 8.485282 4.500005 0.898438 0.000000 -1
1 7.424621 8.838836 4.500004 0.601562 1.000000 -1
1 8.131728 8.131729 4.500005 0.601562 0.500000 -1
1 -9.545941 -9.545940 4.500007 0.898438 0.500000 -1
1 -8.838835 -7.424620 4.500007 0.601562 0.000000 -1
1 -10.606602 -8.485280 4.500006 0.898438 0.000000 -1
1 -7.424622 -8.838833 4.500007 0.601562 1.000000 -1
1 -8.131728 -8.131727 4.500007 0.601562 0.500000 -1
1 -20.506096 16.970564 -0.000003 0.601562 1.000000 -1
1 -18.738329 18.738331 -0.000003 0.601562 0.500000 -1
1 -16.970562 20.506098 -0.000003 0.601562 0.000000 -1
1 20.506098 -16.970562 0.000014 0.601562 1.000000 -1
1 18.738331 -18.738329 0.000014 0.601562 0.500000 -1
1 16.970564 -20.506096 0.000014 0.601562 0.000000 -1
1 18.738331 18.738331 0.000003 0.601562 0.500000 -1
1 -18.738329 -18.738329 0.000008 0.601562 0.500000 -1
1 8.485281 -10.606600 4.500010 0.898438 1.000000 -1
1 8.838834 7.424623 4.500005 0.601562 1.000000 -1
1 10.606601 -8.485280 4.500010 0.898438 1.000000 -1
1 -7.424622 8.838837 4.500002 0.601562 1.000000 -1
1 -8.838836 7.424623 4.500002 0.601562 0.000000 -1
1 -10.606603 8.485283 4.500001 0.898438 1.000000 -1
1 8.485281 10.606603 4.500004 0.898438 1.000000 -1
1 -8.485281 -10.606601 4.500007 0.898438 1.000000 -1
46
-0.301507 -0.123255 0.945464
0.000000 0.000000 1.000000
-0.000000 0.000000 1.000000
-0.496634 0.127591 0.858531
-0.000000 0.000000 1.000000
-0.000000 0.000000 1.000000
0.108334 0.421681 0.900250
-0.000000 0.000000 1.000000
-0.150640 0.368495 0.917343
0.301506 0.123255 0.945464
-0.000000 0.000000 1.000000
-0.000000 0.000000 1.000000
0.496634 -0.127590 0.858531
-0.000000 0.000000 1.000000
-0.000000 0.000000 1.000000
-0.123255 -0.301506 0.945464
0.127590 -0.496634 0.858531
-0.000000 0.000000 1.000000
-0.000000 0.000000 1.000000
0.108334 -0.421680 0.900250
-0.150639 -0.368495 0.917344
0.000000 0.000000 1.000000
-0.000000 -0.000000 1.000000
-0.000000 0.000000 1.000000
0.421680 -0.108334 0.900250
0.000000 0.000000 1.000000
0.485469 -0.485469 0.727076
-0.000000 0.000000 1.000000
0.123255 0.301507 0.945464
-0.000000 0.000000 1.000000
-0.000000 0.000000 1.000000
-0.127591 0.496634 0.858531
-0.301507 -0.123255 0.945464
-0.000000 0.000000 1.000000
-0.000001 0.000000 1.000000
-0.496634 0.127591 0.858531
-0.485469 0.485469 0.727076
-0.000000 0.000000 1.000000
0.368495 0.150640 0.917344
0.485469 0.485470 0.727076
-0.000000 0.000000 1.000000
-0.485469 -0.485469 0.727076
-0.485469 0.485469 0.727076
0.485469 -0.485469 0.727076
0.485469 0.485469 0.727076
-0.485469 -0.485469 0.727076
48
0 0 1 2 0 1 2 1
0 3 4 5 3 4 1 1
0 6 7 8 5 6 7 1
0 4 9 10 4 8 5 1
0 11 12 13 9 10 11 1
0 14 15 16 12 13 10 1
0 17 18 19 14 15 7 1
0 15 20 21 13 16 14 1
0 22 23 24 6 17 7 1
0 23 25 26 17 9 11 1
0 27 28 29 15 17 7 1
0 28 30 31 17 0 2 1
0 32 33 34 18 19 20 1
0 35 36 37 21 19 22 1
0 38 39 40 23 24 25 1
0 35 41 42 21 24 26 1
0 43 44 45 27 28 29 1
0 46 47 48 30 31 27 1
0 49 50 51 32 33 34 1
0 46 52 53 30 35 36 1
0 54 55 56 37 38 23 1
0 54 57 58 37 28 39 1
0 59 60 61 40 32 34 1
0 59 62 63 40 20 41 1
0 0 64 1 0 3 1 1
0 3 65 4 3 42 4 1
0 6 66 7 5 8 6 1
0 4 65 9 4 42 8 1
0 11 67 12 9 12 10 1
0 14 68 15 12 43 13 1
0 17 69 18 14 16 15 1
0 15 68 20 13 43 16 1
0 22 70 23 6 44 17 1
0 23 70 25 17 44 9 1
0 27 71 28 15 45 17 1
0 28 71 30 17 45 0 1
0 32 72 33 18 22 19 1
0 35 42 36 21 26 19 1
0 38 73 39 23 38 24 1
0 35 74 41 21 25 24 1
0 43 75 44 27 31 28 1
0 46 53 47 30 36 31 1
0 49 76 50 32 35 33 1
0 46 77 52 30 33 35 1
0 54 58 55 37 39 38 1
0 54 78 57 37 29 28 1
0 59 63 60 40 41 32 1
0 59 79 62 40 18 20 1
"Frame.Black" 0 1
48
1 15.202796 17.324118 4.000003 0.953125 0.500000 -1
1 -15.909903 18.738331 3.999997 0.953125 0.500000 -1
1 -15.202796 17.324118 3.999998 0.953125 0.500000 -1
1 -17.324116 17.324118 3.999998 0.953125 0.500000 -1
1 -16.263456 16.263458 3.999998 0.953125 0.500000 -1
1 18.738329 -15.909902 4.000013 0.953125 0.500000 -1
1 17.324116 15.202797 4.000004 0.953125 0.500000 -1
1 17.324116 -15.202795 4.000013 0.953125 0.500000 -1
1 -17.324116 15.202797 3.999998 0.953125 0.500000 -1
1 -15.202796 -17.324114 4.000008 0.953125 0.500000 -1
1 15.909903 -18.738327 4.000014 0.953125 0.500000 -1
1 15.202796 -17.324114 4.000013 0.953125 0.500000 -1
1 17.324116 -17.324114 4.000013 0.953125 0.500000 -1
1 16.263456 -16.263454 4.000013 0.953125 0.500000 -1
1 17.324116 17.324118 4.000003 0.953125 0.500000 -1
1 16.263456 16.263458 4.000004 0.953125 0.500000 -1
1 -17.324116 -15.202795 4.000007 0.953125 0.500000 -1
1 -17.324116 -17.324114 4.000008 0.953125 0.500000 -1
1 -16.263456 -16.263454 4.000008 0.953125 0.500000 -1
1 -18.738329 15.909904 3.999998 0.953125 0.500000 -1
1 7.071066 -6.363959 8.500010 0.953125 0.500000 -1
1 5.656853 4.949750 8.500005 0.953125 0.500000 -1
1 5.656853 -4.949745 8.500008 0.953125 0.500000 -1
1 5.656853 -5.656852 8.500008 0.953125 0.500000 -1
1 4.949746 5.656857 8.500005 0.953125 0.500000 -1
1 -6.363962 7.071070 8.500002 0.953125 0.500000 -1
1 -4.949748 5.656856 8.500004 0.953125 0.500000 -1
1 6.363960 -7.071065 8.500010 0.953125 0.500000 -1
1 6.717513 -6.717512 8.500010 0.953125 0.500000 -1
1 -7.071069 6.363963 8.500002 0.953125 0.500000 -1
1 -5.656856 -4.949745 8.500007 0.953125 0.500000 -1
1 -5.656855 4.949749 8.500004 0.953125 0.500000 -1
1 -5.656855 5.656856 8.500004 0.953125 0.500000 -1
1 -6.717515 6.717516 8.500002 0.953125 0.500000 -1
1 5.656853 5.656857 8.500005 0.953125 0.500000 -1
1 6.363959 7.071070 8.500004 0.953125 0.500000 -1
1 7.071066 6.363963 8.500006 0.953125 0.500000 -1
1 6.717513 6.717517 8.500005 0.953125 0.500000 -1
1 -5.656856 -5.656852 8.500007 0.953125 0.500000 -1
1 -6.363962 -7.071065 8.500007 0.953125 0.500000 -1
1 -4.949749 -5.656852 8.500006 0.953125 0.500000 -1
1 -7.071069 -6.363958 8.500006 0.953125 0.500000 -1
1 -6.717516 -6.717512 8.500007 0.953125 0.500000 -1
1 4.949746 -5.656852 8.500008 0.953125 0.500000 -1
1 15.909903 18.738331 4.000003 0.953125 0.500000 -1
1 18.738329 15.909904 4.000004 0.953125 0.500000 -1
1 -15.909903 -18.738327 4.000009 0.953125 0.500000 -1
1 -18.738329 -15.909902 4.000007 0.953125 0.500000 -1
48
-0.000000 0.000000 1.000000
-0.219227 0.536274 0.815076
-0.000000 0.000001 1.000000
-0.242735 0.242735 0.939234
-0.000000 0.000000 1.000000
0.437413 -0.253852 0.862687
0.000000 0.000000 1.000000
0.000000 0.000000 1.000000
-0.000000 0.000000 1.000000
-0.000000 0.000000 1.000000
0.253852 -0.437413 0.862687
-0.000000 0.000000 1.000000
0.242735 -0.242734 0.939234
-0.000000 0.000000 1.000000
0.242735 0.242735 0.939234
-0.000000 0.000000 1.000000
-0.000000 0.000000 1.000000
-0.242735 -0.242734 0.939234
-0.000000 0.000000 1.000000
-0.437413 0.253852 0.862687
0.371471 -0.215583 0.903069
-0.000001 0.000000 1.000000
-0.000001 0.000000 1.000000
-0.000001 0.000001 1.000000
-0.000000 -0.187365 0.982290
-0.215584 0.371472 0.903068
-0.000000 -0.148554 0.988904
0.215583 -0.371471 0.903069
0.371748 -0.371748 0.850651
-0.371472 0.215584 0.903068
0.275039 0.000000 0.961433
0.214670 0.000000 0.976687
-0.000001 0.000001 1.000000
-0.371748 0.371748 0.850650
-0.000000 -0.104845 0.994489
0.219227 0.536275 0.815076
0.536274 0.219228 0.815076
0.371747 0.371749 0.850651
0.146744 -0.154682 0.977006
-0.219227 -0.536274 0.815076
0.000000 -0.316227 0.948683
-0.536275 -0.219227 0.815076
-0.371749 -0.371747 0.850651
-0.000000 -0.242535 0.970143
0.304717 0.525058 0.794645
0.620267 0.253563 0.742277
-0.253563 -0.620267 0.742277
-0.620267 -0.253563 0.742277
48
0 0 1 2 0 1 2 1
0 2 3 4 2 3 4 1
0 5 6 7 5 6 7 1
0 3 8 4 3 8 4 1
0 9 10 11 9 10 11 1
0 11 12 13 11 12 13 1
0 12 7 13 12 7 13 1
0 6 14 15 6 14 15 1
0 14 0 15 14 0 15 1
0 16 17 18 16 17 18 1
0 17 9 18 17 9 18 1
0 19 16 8 19 16 8 1
0 20 21 22 20 21 22 1
0 23 20 22 23 20 22 1
0 24 25 26 24 25 26 1
0 23 27 28 23 27 28 1
0 29 30 31 29 30 31 1
0 32 29 31 32 29 31 1
0 32 25 33 32 25 33 1
0 34 35 24 34 35 24 1
0 34 36 37 34 36 37 1
0 38 39 40 38 39 40 1
0 38 41 42 38 41 42 1
0 40 27 43 40 27 43 1
0 0 44 1 0 44 1 1
0 2 1 3 2 1 3 1
0 5 45 6 5 45 6 1
0 3 19 8 3 19 8 1
0 9 46 10 9 46 10 1
0 11 10 12 11 10 12 1
0 12 5 7 12 5 7 1
0 6 45 14 6 45 14 1
0 14 44 0 14 44 0 1
0 16 47 17 16 47 17 1
0 17 46 9 17 46 9 1
0 19 47 16 19 47 16 1
0 20 36 21 20 36 21 1
0 23 28 20 23 28 20 1
0 24 35 25 24 35 25 1
0 23 43 27 23 43 27 1
0 29 41 30 29 41 30 1
0 32 33 29 32 33 29 1
0 32 26 25 32 26 25 1
0 34 37 35 34 37 35 1
0 34 21 36 34 21 36 1
0 38 42 39 38 42 39 1
0 38 30 41 38 30 41 1
0 40 39 27 40 39 27 1
"Frame.Vibrant" 0 3
80
1 -20.506096 16.970564 -0.000003 0.046875 0.000000 -1
1 -18.738329 -15.909902 4.000007 0.015625 1.000000 -1
1 -18.738329 15.909904 3.999998 0.015625 0.000000 -1
1 -15.909903 18.738331 3.999997 0.015625 0.000000 -1
1 -18.738329 18.738331 -0.000003 0.046875 0.500000 -1
1 -17.324116 17.324118 3.999998 0.015625 0.500000 -1
1 -15.909903 18.738331 3.999997 0.015625 1.000000 -1
1 16.970564 20.506098 0.000002 0.046875 0.000000 -1
1 -16.970562 20.506098 -0.000003 0.046875 1.000000 -1
1 -18.738329 15.909904 3.999998 0.015625 1.000000 -1
1 20.506098 -16.970562 0.000014 0.046875 0.000000 -1
1 18.738329 15.909904 4.000004 0.015625 1.000000 -1
1 18.738329 -15.909902 4.000013 0.015625 0.000000 -1
1 15.909903 -18.738327 4.000014 0.015625 0.000000 -1
1 18.738331 -18.738329 0.000014 0.046875 0.500000 -1
1 17.324116 -17.324114 4.000013 0.015625 0.500000 -1
1 -15.909903 -18.738327 4.000009 0.015625 0.000000 -1
1 16.970564 -20.506096 0.000014 0.046875 1.000000 -1
1 15.909903 -18.738327 4.000014 0.015625 1.000000 -1
1 18.738329 -15.909902 4.000013 0.015625 1.000000 -1
1 18.738329 15.909904 4.000004 0.015625 0.000000 -1
1 18.738331 18.738331 0.000003 0.046875 0.500000 -1
1 17.324116 17.324118 4.000003 0.015625 0.500000 -1
1 15.909903 18.738331 4.000003 0.015625 1.000000 -1
1 -18.738329 -15.909902 4.000007 0.015625 0.000000 -1
1 -18.738329 -18.738329 0.000008 0.046875 0.500000 -1
1 -17.324116 -17.324114 4.000008 0.015625 0.500000 -1
1 -15.909903 -18.738327 4.000009 0.015625 1.000000 -1
1 -6.363962 -7.071065 8.500007 0.015625 1.000000 -1
1 7.424621 -8.838833 4.500010 0.046875 0.000000 -1
1 6.363960 -7.071065 8.500010 0.015625 0.000000 -1
1 7.071066 -6.363959 8.500010 0.015625 0.000000 -1
1 8.131727 -8.131726 4.500010 0.046875 0.500000 -1
1 8.838834 -7.424620 4.500010 0.046875 0.000000 -1
1 8.838834 -7.424620 4.500010 0.046875 1.000000 -1
1 7.071066 6.363963 8.500006 0.015625 0.000000 -1
1 7.071066 -6.363959 8.500010 0.015625 1.000000 -1
1 6.363960 -7.071065 8.500010 0.015625 1.000000 -1
1 6.717513 -6.717512 8.500010 0.015625 0.500000 -1
1 6.363959 7.071070 8.500004 0.015625 1.000000 -1
1 -7.424622 8.838837 4.500002 0.046875 0.000000 -1
1 -6.363962 7.071070 8.500002 0.015625 0.000000 -1
1 -7.071069 6.363963 8.500002 0.015625 0.000000 -1
1 -8.131728 8.131729 4.500002 0.046875 0.500000 -1
1 -8.838836 7.424623 4.500002 0.046875 0.000000 -1
1 -8.838836 7.424623 4.500002 0.046875 1.000000 -1
1 -7.071069 -6.363958 8.500006 0.015625 0.000000 -1
1 -7.071069 6.363963 8.500002 0.015625 1.000000 -1
1 -6.363962 7.071070 8.500002 0.015625 1.000000 -1
1 -6.717515 6.717516 8.500002 0.015625 0.500000 -1
1 6.363959 7.071070 8.500004 0.015625 0.000000 -1
1 8.131728 8.131729 4.500005 0.046875 0.500000 -1
1 7.424621 8.838836 4.500004 0.046875 0.000000 -1
1 7.071066 6.363963 8.500006 0.015625 1.000000 -1
1 6.717513 6.717517 8.500005 0.015625 0.500000 -1
1 -6.363962 -7.071065 8.500007 0.015625 0.000000 -1
1 -8.131728 -8.131727 4.500007 0.046875 0.500000 -1
1 -7.424622 -8.838833 4.500007 0.046875 0.000000 -1
1 -7.071069 -6.363958 8.500006 0.015625 1.000000 -1
1 -6.717516 -6.717512 8.500007 0.015625 0.500000 -1
1 -20.506096 -16.970562 0.000007 0.046875 1.000000 -1
1 -16.970562 20.506098 -0.000003 0.046875 0.000000 -1
1 15.909903 18.738331 4.000003 0.015625 0.000000 -1
1 -20.506096 16.970564 -0.000003 0.046875 1.000000 -1
1 20.506098 16.970564 0.000004 0.046875 1.000000 -1
1 16.970564 -20.506096 0.000014 0.046875 0.000000 -1
1 -16.970562 -20.506096 0.000009 0.046875 0.000000 -1
1 20.506098 -16.970562 0.000014 0.046875 1.000000 -1
1 20.506098 16.970564 0.000004 0.046875 0.000000 -1
1 16.970564 20.506098 0.000002 0.046875 1.000000 -1
1 -20.506096 -16.970562 0.000007 0.046875 0.000000 -1
1 -16.970562 -20.506096 0.000009 0.046875 1.000000 -1
1 -7.424622 -8.838833 4.500007 0.046875 1.000000 -1
1 8.838834 7.424623 4.500005 0.046875 0.000000 -1
1 7.424621 -8.838833 4.500010 0.046875 1.000000 -1
1 7.424621 8.838836 4.500004 0.046875 1.000000 -1
1 -8.838835 -7.424620 4.500007 0.046875 0.000000 -1
1 -7.424622 8.838837 4.500002 0.046875 1.000000 -1
1 8.838834 7.424623 4.500005 0.046875 1.000000 -1
1 -8.838835 -7.424620 4.500007 0.046875 1.000000 -1
48
-0.496634 0.127591 0.858531
-0.620267 -0.253563 0.742277
-0.437413 0.253852 0.862687
-0.219227 0.536274 0.815076
-0.485469 0.485469 0.727076
-0.242735 0.242735 0.939234
0.108334 0.421681 0.900250
-0.150640 0.368495 0.917343
0.496634 -0.127590 0.858531
0.620267 0.253563 0.742277
0.437413 -0.253852 0.862687
0.253852 -0.437413 0.862687
0.485469 -0.485469 0.727076
0.242735 -0.242734 0.939234
-0.253563 -0.620267 0.742277
0.127590 -0.496634 0.858531
0.485469 0.485469 0.727076
0.242735 0.242735 0.939234
0.304717 0.525058 0.794645
-0.485469 -0.485469 0.727076
-0.242735 -0.242734 0.939234
-0.219227 -0.536274 0.815076
0.108334 -0.421680 0.900250
0.215583 -0.371471 0.903069
0.371471 -0.215583 0.903069
0.485469 -0.485469 0.727076
0.421680 -0.108334 0.900250
0.536274 0.219228 0.815076
0.371748 -0.371748 0.850651
0.219227 0.536275 0.815076
-0.127591 0.496634 0.858531
-0.215584 0.371472 0.903068
-0.371472 0.215584 0.903068
-0.485469 0.485469 0.727076
-0.496634 0.127591 0.858531
-0.536275 -0.219227 0.815076
-0.371748 0.371748 0.850650
0.485469 0.485470 0.727076
0.123255 0.301507 0.945464
0.371747 0.371749 0.850651
-0.485469 -0.485469 0.727076
-0.150639 -0.368495 0.917344
-0.371749 -0.371747 0.850651
-0.301507 -0.123255 0.945464
0.301506 0.123255 0.945464
-0.123255 -0.301506 0.945464
0.368495 0.150640 0.917344
-0.301507 -0.123255 0.945464
48
0 0 1 2 0 1 2 1
0 3 4 5 3 4 5 1
0 6 7 8 3 6 7 1
0 4 9 5 4 2 5 1
0 10 11 12 8 9 10 1
0 13 14 15 11 12 13 1
0 16 17 18 14 15 11 1
0 14 19 15 12 10 13 1
0 20 21 22 9 16 17 1
0 21 23 22 16 18 17 1
0 24 25 26 1 19 20 1
0 25 27 26 19 14 20 1
0 28 29 30 21 22 23 1
0 31 32 33 24 25 26 1
0 34 35 36 26 27 24 1
0 37 32 38 23 25 28 1
0 39 40 41 29 30 31 1
0 42 43 44 32 33 34 1
0 45 46 47 34 35 32 1
0 48 43 49 31 33 36 1
0 50 51 52 29 37 38 1
0 53 51 54 27 37 39 1
0 55 56 57 21 40 41 1
0 58 56 59 35 40 42 1
0 0 60 1 0 43 1 1
0 3 61 4 3 7 4 1
0 6 62 7 3 18 6 1
0 4 63 9 4 0 2 1
0 10 64 11 8 44 9 1
0 13 65 14 11 15 12 1
0 16 66 17 14 45 15 1
0 14 67 19 12 8 10 1
0 20 68 21 9 44 16 1
0 21 69 23 16 6 18 1
0 24 70 25 1 43 19 1
0 25 71 27 19 45 14 1
0 28 72 29 21 41 22 1
0 31 38 32 24 28 25 1
0 34 73 35 26 46 27 1
0 37 74 32 23 22 25 1
0 39 75 40 29 38 30 1
0 42 49 43 32 36 33 1
0 45 76 46 34 47 35 1
0 48 77 43 31 30 33 1
0 50 54 51 29 39 37 1
0 53 78 51 27 46 37 1
0 55 59 56 21 42 40 1
0 58 79 56 35 47 40 1

Materials: 4
"Fill"
1.000000 1.000000 1.000000 1.000000
0.800000 0.800000 0.800000 1.000000
0.500000 0.500000 0.500000 1.000000
0.000000 0.000000 0.000000 1.000000
0.128000
1.000000
"textures/Fill.ini"
""
"Frame.Black"
1.000000 1.000000 1.000000 1.000000
0.800000 0.800000 0.800000 1.000000
0.500000 0.500000 0.500000 1.000000
0.000000 0.000000 0.000000 1.000000
0.128000
1.000000
"textures/FrameBlack.png"
""
"Frame.Chrome"
1.000000 1.000000 1.000000 1.000000
0.800000 0.800000 0.800000 1.000000
0.500000 0.500000 0.500000 1.000000
0.000000 0.000000 0.000000 1.000000
0.128000
1.000000
"textures/FrameChrome.ini"
""
"Frame.Vibrant"
1.000000 1.000000 1.000000 1.000000
0.800000 0.800000 0.800000 1.000000
0.500000 0.500000 0.500000 1.000000
0.000000 0.000000 0.000000 1.000000
0.128000
1.000000
"textures/FrameVibrant.ini"
""

Bones: 0
GroupComments: 0
MaterialComments: 0
BoneComments: 0
ModelComment: 0
