// MilkShape 3D ASCII

Frames: 30
Frame: 1

Meshes: 4
"default" 0 0
26
0 -23.000000 0.000001 4.000008 0.023437 0.281250 -1
0 0.000000 23.000002 3.999998 0.023437 0.281250 -1
0 -1.500000 23.000002 3.999998 0.031250 0.281250 -1
0 23.000000 0.000001 4.000004 0.023437 0.281250 -1
0 0.000000 -22.999998 4.000013 0.023437 0.281250 -1
0 1.500000 -22.999998 4.000013 0.031250 0.281250 -1
0 -1.500000 -22.999998 4.000013 0.031250 0.281250 -1
0 1.500000 23.000002 3.999998 0.031250 0.281250 -1
0 -0.500000 -7.499997 8.500008 0.031250 0.281250 -1
0 0.000000 0.000003 8.500006 0.015625 0.218750 -1
0 -8.000000 0.000003 8.500007 0.023437 0.281250 -1
0 0.500000 7.500002 8.500004 0.031250 0.281250 -1
0 8.000000 0.000003 8.500005 0.023437 0.281250 -1
0 -0.500000 7.500002 8.500004 0.031250 0.281250 -1
0 0.500000 -7.499997 8.500008 0.031250 0.281250 -1
0 7.500000 -0.499997 8.500005 0.031250 0.281250 -1
0 -23.000000 1.500001 4.000007 0.031250 0.281250 -1
0 0.000000 0.000001 4.000006 0.015625 0.218750 -1
0 23.000000 -1.499999 4.000004 0.031250 0.281250 -1
0 -23.000000 -1.499999 4.000008 0.031250 0.281250 -1
0 23.000000 1.500001 4.000003 0.031250 0.281250 -1
0 -7.500000 -0.499997 8.500006 0.031250 0.281250 -1
0 0.000000 -7.999997 8.500008 0.023437 0.281250 -1
0 7.500000 0.500003 8.500005 0.031250 0.281250 -1
0 0.000000 8.000002 8.500004 0.023437 0.281250 -1
0 -7.500000 0.500003 8.500007 0.031250 0.281250 -1
16
-0.000000 -0.000000 1.000000
0.181600 0.846800 0.499900
-0.753000 0.427600 0.500100
-0.801200 -0.496900 0.333300
0.933400 0.133000 0.333300
0.256600 -0.745200 -0.615500
-0.441400 -0.833100 -0.333300
0.000100 -0.000000 -1.000000
0.786000 -0.059600 -0.615400
0.801300 0.496900 -0.333300
-0.933400 -0.132900 -0.333300
-0.000000 -0.000000 -1.000000
0.441400 0.833100 0.333300
0.584900 0.511000 -0.629900
0.552800 -0.037000 -0.832500
0.285800 0.201800 -0.936800
24
0 0 1 2 0 0 1 1
0 3 4 5 0 0 2 1
0 0 6 4 0 3 0 1
0 3 7 1 0 4 0 1
0 8 9 10 5 6 7 1
0 11 9 12 8 6 7 1
0 9 13 10 6 9 7 1
0 9 14 15 6 10 11 1
0 2 16 0 1 0 0 1
0 0 17 1 0 12 0 1
0 5 18 3 2 0 0 1
0 3 17 4 0 12 0 1
0 4 17 0 0 12 0 1
0 0 19 6 0 0 3 1
0 1 17 3 0 12 0 1
0 3 20 7 0 0 4 1
0 10 21 8 7 13 5 1
0 8 22 9 5 11 6 1
0 12 23 11 7 14 8 1
0 11 24 9 8 11 6 1
0 9 24 13 6 11 9 1
0 13 25 10 9 15 7 1
0 9 22 14 6 11 10 1
0 15 12 9 11 7 6 1
"Frame.Chrome" 0 2
80
0 -26.500000 2.500000 0.000007 0.601562 0.000000 -1
0 -3.000000 28.500000 -0.000003 0.898438 1.000000 -1
0 -28.500000 3.000000 0.000007 0.898438 0.000000 -1
0 -2.500000 26.500000 -0.000003 0.601562 0.000000 -1
0 0.000000 28.500000 -0.000004 0.898438 0.500000 -1
0 -3.000000 28.500000 -0.000003 0.898438 0.000000 -1
0 3.000000 28.500000 -0.000004 0.898438 0.000000 -1
0 26.500000 2.500000 0.000002 0.601562 1.000000 -1
0 28.500000 3.000000 0.000002 0.898438 1.000000 -1
0 2.500000 26.500000 -0.000003 0.601562 1.000000 -1
0 3.000000 28.500000 -0.000004 0.898438 1.000000 -1
0 26.500000 -2.500000 0.000004 0.601562 0.000000 -1
0 3.000000 -28.500000 0.000015 0.898438 1.000000 -1
0 28.500000 -3.000000 0.000004 0.898438 0.000000 -1
0 2.500000 -26.500000 0.000014 0.601562 0.000000 -1
0 0.000000 -28.500000 0.000015 0.898438 0.500000 -1
0 3.000000 -28.500000 0.000015 0.898438 0.000000 -1
0 -3.000000 -28.500000 0.000015 0.898438 0.000000 -1
0 -26.500000 -2.500000 0.000009 0.601562 1.000000 -1
0 -28.500000 -3.000000 0.000009 0.898438 1.000000 -1
0 -2.500000 -26.500000 0.000014 0.601562 1.000000 -1
0 -3.000000 -28.500000 0.000015 0.898438 1.000000 -1
0 26.500000 2.500000 0.000002 0.601562 0.000000 -1
0 28.500000 0.000000 0.000003 0.898438 0.500000 -1
0 28.500000 3.000000 0.000002 0.898438 0.000000 -1
0 26.500000 -2.500000 0.000004 0.601562 1.000000 -1
0 28.500000 -3.000000 0.000004 0.898438 1.000000 -1
0 -26.500000 -2.500000 0.000009 0.601562 0.000000 -1
0 -28.500000 0.000000 0.000008 0.898438 0.500000 -1
0 -28.500000 -3.000000 0.000009 0.898438 0.000000 -1
0 -26.500000 2.500000 0.000007 0.601562 1.000000 -1
0 -28.500000 3.000000 0.000007 0.898438 1.000000 -1
0 -13.500000 -1.499999 4.500007 0.898438 0.000000 -1
0 -1.000000 -11.499998 4.500010 0.601562 1.000000 -1
0 -11.500000 -0.999998 4.500007 0.601562 0.000000 -1
0 0.000000 -13.499998 4.500010 0.898438 0.500000 -1
0 -1.000000 -11.499998 4.500010 0.601562 0.000000 -1
0 -1.500000 -13.499998 4.500010 0.898438 0.000000 -1
0 13.500000 -1.499999 4.500005 0.898438 1.000000 -1
0 1.000000 -11.499998 4.500010 0.601562 0.000000 -1
0 1.500000 -13.499998 4.500010 0.898438 0.000000 -1
0 1.000000 -11.499998 4.500010 0.601562 1.000000 -1
0 0.000000 -11.499998 4.500010 0.601562 0.500000 -1
0 1.500000 13.500002 4.500001 0.898438 1.000000 -1
0 11.500000 1.000001 4.500004 0.601562 0.000000 -1
0 13.500000 1.500001 4.500004 0.898438 0.000000 -1
0 0.000000 13.500002 4.500001 0.898438 0.500000 -1
0 1.000000 11.500002 4.500002 0.601562 0.000000 -1
0 1.500000 13.500002 4.500001 0.898438 0.000000 -1
0 -11.500000 1.000001 4.500007 0.601562 1.000000 -1
0 -1.500000 13.500002 4.500001 0.898438 0.000000 -1
0 -13.500000 1.500001 4.500006 0.898438 1.000000 -1
0 -1.000000 11.500002 4.500002 0.601562 1.000000 -1
0 0.000000 11.500002 4.500002 0.601562 0.500000 -1
0 13.500000 0.000001 4.500004 0.898438 0.500000 -1
0 11.500000 -0.999998 4.500005 0.601562 0.000000 -1
0 13.500000 -1.499999 4.500005 0.898438 0.000000 -1
0 11.500000 1.000001 4.500004 0.601562 1.000000 -1
0 11.500000 0.000001 4.500005 0.601562 0.500000 -1
0 -13.500000 0.000001 4.500007 0.898438 0.500000 -1
0 -11.500000 1.000001 4.500007 0.601562 0.000000 -1
0 -13.500000 1.500001 4.500006 0.898438 0.000000 -1
0 -11.500000 -0.999998 4.500007 0.601562 1.000000 -1
0 -11.500000 0.000001 4.500007 0.601562 0.500000 -1
0 -2.500000 26.500000 -0.000003 0.601562 1.000000 -1
0 0.000000 26.500000 -0.000003 0.601562 0.500000 -1
0 2.500000 26.500000 -0.000003 0.601562 0.000000 -1
0 2.500000 -26.500000 0.000014 0.601562 1.000000 -1
0 0.000000 -26.500000 0.000014 0.601562 0.500000 -1
0 -2.500000 -26.500000 0.000014 0.601562 0.000000 -1
0 26.500000 0.000000 0.000003 0.601562 0.500000 -1
0 -26.500000 0.000000 0.000008 0.601562 0.500000 -1
0 -1.500000 -13.499998 4.500010 0.898438 1.000000 -1
0 11.500000 -0.999998 4.500005 0.601562 1.000000 -1
0 1.500000 -13.499998 4.500010 0.898438 1.000000 -1
0 1.000000 11.500002 4.500002 0.601562 1.000000 -1
0 -1.000000 11.500002 4.500002 0.601562 0.000000 -1
0 -1.500000 13.500002 4.500001 0.898438 1.000000 -1
0 13.500000 1.500001 4.500004 0.898438 1.000000 -1
0 -13.500000 -1.499999 4.500007 0.898438 1.000000 -1
36
-0.513000 0.218700 0.830000
0.999800 -0.020800 -0.000000
-0.000000 -0.000000 1.000000
-0.299600 -0.907100 0.295800
0.690500 0.723400 -0.000000
0.382600 0.156900 0.910500
-0.677800 -0.628200 0.382100
0.513000 -0.218700 0.830000
-0.846600 -0.532200 -0.000000
0.299400 0.907100 0.295800
0.993500 0.114200 -0.000000
-0.382700 -0.156800 0.910500
0.683500 0.643300 0.344900
0.124100 -0.041700 -0.991400
-0.883400 -0.301600 -0.358800
0.416700 -0.081900 -0.905400
-0.000000 -0.000000 -1.000000
-0.933500 -0.327600 -0.145900
0.887200 -0.461100 -0.018100
-0.690400 -0.723400 -0.000000
0.000100 0.998500 0.054500
0.933400 0.327900 -0.145900
-0.413200 0.044300 -0.909600
-0.124100 0.041700 -0.991400
0.758400 -0.642800 0.107900
0.343900 0.079100 -0.935700
-0.993500 -0.114300 -0.000000
-0.882000 0.470800 0.018900
-0.000100 -0.998500 0.054500
-0.157100 0.304900 -0.939300
-0.582300 -0.000000 -0.812900
0.582300 -0.000000 -0.812900
-0.000000 0.520800 0.853700
-0.000000 -0.520800 0.853700
0.520800 -0.000000 0.853700
-0.520800 -0.000000 0.853700
48
0 0 1 2 0 1 2 1
0 3 4 5 3 2 1 1
0 6 7 8 4 5 2 1
0 4 9 10 2 6 4 1
0 11 12 13 7 8 2 1
0 14 15 16 9 2 8 1
0 17 18 19 10 11 2 1
0 15 20 21 2 12 10 1
0 22 23 24 5 2 2 1
0 23 25 26 2 7 2 1
0 27 28 29 11 2 2 1
0 28 30 31 2 0 2 1
0 32 33 34 13 14 15 1
0 35 36 37 16 14 17 1
0 38 39 40 16 18 19 1
0 35 41 42 16 18 20 1
0 43 44 45 21 22 23 1
0 46 47 48 16 24 21 1
0 49 50 51 25 26 16 1
0 46 52 53 16 27 28 1
0 54 55 56 16 29 16 1
0 54 57 58 16 22 30 1
0 59 60 61 16 25 16 1
0 59 62 63 16 15 31 1
0 0 64 1 0 3 1 1
0 3 65 4 3 32 2 1
0 6 66 7 4 6 5 1
0 4 65 9 2 32 6 1
0 11 67 12 7 9 8 1
0 14 68 15 9 33 2 1
0 17 69 18 10 12 11 1
0 15 68 20 2 33 12 1
0 22 70 23 5 34 2 1
0 23 70 25 2 34 7 1
0 27 71 28 11 35 2 1
0 28 71 30 2 35 0 1
0 32 72 33 13 17 14 1
0 35 42 36 16 20 14 1
0 38 73 39 16 29 18 1
0 35 74 41 16 19 18 1
0 43 75 44 21 24 22 1
0 46 53 47 16 28 24 1
0 49 76 50 25 27 26 1
0 46 77 52 16 26 27 1
0 54 58 55 16 30 29 1
0 54 78 57 16 23 22 1
0 59 63 60 16 31 25 1
0 59 79 62 16 13 15 1
"Frame.Black" 0 1
48
0 23.000000 1.500001 4.000003 0.953125 0.500000 -1
0 2.000000 24.500002 3.999997 0.953125 0.500000 -1
0 1.500000 23.000002 3.999998 0.953125 0.500000 -1
0 0.000000 24.500002 3.999998 0.953125 0.500000 -1
0 0.000000 23.000002 3.999998 0.953125 0.500000 -1
0 2.000000 -24.499998 4.000013 0.953125 0.500000 -1
0 23.000000 -1.499999 4.000004 0.953125 0.500000 -1
0 1.500000 -22.999998 4.000013 0.953125 0.500000 -1
0 -1.500000 23.000002 3.999998 0.953125 0.500000 -1
0 -23.000000 -1.499999 4.000008 0.953125 0.500000 -1
0 -2.000000 -24.499998 4.000014 0.953125 0.500000 -1
0 -1.500000 -22.999998 4.000013 0.953125 0.500000 -1
0 0.000000 -24.499998 4.000013 0.953125 0.500000 -1
0 0.000000 -22.999998 4.000013 0.953125 0.500000 -1
0 24.500000 0.000001 4.000003 0.953125 0.500000 -1
0 23.000000 0.000001 4.000004 0.953125 0.500000 -1
0 -23.000000 1.500001 4.000007 0.953125 0.500000 -1
0 -24.500000 0.000001 4.000008 0.953125 0.500000 -1
0 -23.000000 0.000001 4.000008 0.953125 0.500000 -1
0 -2.000000 24.500002 3.999998 0.953125 0.500000 -1
0 0.500000 -9.499997 8.500010 0.953125 0.500000 -1
0 7.500000 -0.499997 8.500005 0.953125 0.500000 -1
0 0.500000 -7.499997 8.500008 0.953125 0.500000 -1
0 0.000000 -7.999997 8.500008 0.953125 0.500000 -1
0 7.500000 0.500003 8.500005 0.953125 0.500000 -1
0 0.500000 9.500003 8.500002 0.953125 0.500000 -1
0 0.500000 7.500002 8.500004 0.953125 0.500000 -1
0 -0.500000 -9.499997 8.500010 0.953125 0.500000 -1
0 0.000000 -9.499997 8.500010 0.953125 0.500000 -1
0 -0.500000 9.500003 8.500002 0.953125 0.500000 -1
0 -7.500000 0.500003 8.500007 0.953125 0.500000 -1
0 -0.500000 7.500002 8.500004 0.953125 0.500000 -1
0 0.000000 8.000002 8.500004 0.953125 0.500000 -1
0 0.000000 9.500003 8.500002 0.953125 0.500000 -1
0 8.000000 0.000003 8.500005 0.953125 0.500000 -1
0 9.500000 0.500003 8.500004 0.953125 0.500000 -1
0 9.500000 -0.499997 8.500006 0.953125 0.500000 -1
0 9.500000 0.000003 8.500005 0.953125 0.500000 -1
0 -8.000000 0.000003 8.500007 0.953125 0.500000 -1
0 -9.500000 -0.499997 8.500007 0.953125 0.500000 -1
0 -7.500000 -0.499997 8.500006 0.953125 0.500000 -1
0 -9.500000 0.500003 8.500006 0.953125 0.500000 -1
0 -9.500000 0.000003 8.500007 0.953125 0.500000 -1
0 -0.500000 -7.499997 8.500008 0.953125 0.500000 -1
0 24.500000 2.000001 4.000003 0.953125 0.500000 -1
0 24.500000 -1.999999 4.000004 0.953125 0.500000 -1
0 -24.500000 -1.999999 4.000009 0.953125 0.500000 -1
0 -24.500000 2.000001 4.000007 0.953125 0.500000 -1
38
-0.000000 -0.000000 1.000000
-0.965500 0.233800 0.114700
0.933400 0.133000 0.333300
-0.000000 0.516800 0.856100
0.603700 -0.544000 -0.582700
-0.753000 0.427600 0.500100
0.181600 0.846800 0.499900
0.968200 -0.227100 0.104900
-0.801200 -0.496900 0.333300
-0.000000 -0.516800 0.856100
0.516800 -0.000000 0.856100
-0.516800 -0.000000 0.856100
-0.609600 0.539200 -0.581200
0.854700 -0.438200 -0.278300
-0.000000 -0.000000 -1.000000
-0.933400 -0.132900 -0.333300
0.552800 -0.037000 -0.832500
0.826100 0.524400 -0.206200
0.786000 -0.059600 -0.615400
-0.804900 -0.591900 -0.041300
0.853100 0.274300 -0.443800
-0.854600 0.438400 -0.278200
0.285800 0.201800 -0.936800
0.801300 0.496900 -0.333300
-0.853100 -0.274300 -0.443800
0.000100 -0.000000 -1.000000
-0.405800 0.139100 -0.903300
-0.261100 -0.103200 -0.959800
-0.525600 0.025200 -0.850400
0.811100 0.336300 -0.478600
0.584900 0.511000 -0.629900
0.261100 0.103200 -0.959800
0.525600 -0.025200 -0.850400
0.256600 -0.745200 -0.615500
0.556700 0.226500 0.799200
0.669200 -0.034300 0.742300
-0.545800 -0.256200 0.797800
-0.731300 0.262700 0.629500
48
0 0 1 2 0 1 2 1
0 2 3 4 2 3 0 1
0 5 6 7 4 0 5 1
0 3 8 4 3 6 0 1
0 9 10 11 0 7 8 1
0 11 12 13 8 9 0 1
0 12 7 13 9 5 0 1
0 6 14 15 0 10 0 1
0 14 0 15 10 0 0 1
0 16 17 18 0 11 0 1
0 17 9 18 11 0 0 1
0 19 16 8 12 0 6 1
0 20 21 22 13 14 15 1
0 23 20 22 14 13 15 1
0 24 25 26 16 17 18 1
0 23 27 28 14 19 20 1
0 29 30 31 21 22 23 1
0 32 29 31 14 21 23 1
0 32 25 33 14 17 24 1
0 34 35 24 25 26 16 1
0 34 36 37 25 27 28 1
0 38 39 40 25 29 30 1
0 38 41 42 25 31 32 1
0 40 27 43 30 19 33 1
0 0 44 1 0 34 1 1
0 2 1 3 2 1 3 1
0 5 45 6 4 35 0 1
0 3 19 8 3 12 6 1
0 9 46 10 0 36 7 1
0 11 10 12 8 7 9 1
0 12 5 7 9 4 5 1
0 6 45 14 0 35 10 1
0 14 44 0 10 34 0 1
0 16 47 17 0 37 11 1
0 17 46 9 11 36 0 1
0 19 47 16 12 37 0 1
0 20 36 21 13 27 14 1
0 23 28 20 14 20 13 1
0 24 35 25 16 26 17 1
0 23 43 27 14 33 19 1
0 29 41 30 21 31 22 1
0 32 33 29 14 24 21 1
0 32 26 25 14 18 17 1
0 34 37 35 25 28 26 1
0 34 21 36 25 14 27 1
0 38 42 39 25 32 29 1
0 38 30 41 25 22 31 1
0 40 39 27 30 29 19 1
"Frame.Vibrant" 0 3
80
0 -2.500000 26.500000 -0.000003 0.046875 0.000000 -1
0 -24.500000 2.000001 4.000007 0.015625 1.000000 -1
0 -2.000000 24.500002 3.999998 0.015625 0.000000 -1
0 2.000000 24.500002 3.999997 0.015625 0.000000 -1
0 0.000000 26.500000 -0.000003 0.046875 0.500000 -1
0 0.000000 24.500002 3.999998 0.015625 0.500000 -1
0 2.000000 24.500002 3.999997 0.015625 1.000000 -1
0 26.500000 2.500000 0.000002 0.046875 0.000000 -1
0 2.500000 26.500000 -0.000003 0.046875 1.000000 -1
0 -2.000000 24.500002 3.999998 0.015625 1.000000 -1
0 2.500000 -26.500000 0.000014 0.046875 0.000000 -1
0 24.500000 -1.999999 4.000004 0.015625 1.000000 -1
0 2.000000 -24.499998 4.000013 0.015625 0.000000 -1
0 -2.000000 -24.499998 4.000014 0.015625 0.000000 -1
0 0.000000 -26.500000 0.000014 0.046875 0.500000 -1
0 0.000000 -24.499998 4.000013 0.015625 0.500000 -1
0 -24.500000 -1.999999 4.000009 0.015625 0.000000 -1
0 -2.500000 -26.500000 0.000014 0.046875 1.000000 -1
0 -2.000000 -24.499998 4.000014 0.015625 1.000000 -1
0 2.000000 -24.499998 4.000013 0.015625 1.000000 -1
0 24.500000 -1.999999 4.000004 0.015625 0.000000 -1
0 26.500000 0.000000 0.000003 0.046875 0.500000 -1
0 24.500000 0.000001 4.000003 0.015625 0.500000 -1
0 24.500000 2.000001 4.000003 0.015625 1.000000 -1
0 -24.500000 2.000001 4.000007 0.015625 0.000000 -1
0 -26.500000 0.000000 0.000008 0.046875 0.500000 -1
0 -24.500000 0.000001 4.000008 0.015625 0.500000 -1
0 -24.500000 -1.999999 4.000009 0.015625 1.000000 -1
0 -9.500000 -0.499997 8.500007 0.015625 1.000000 -1
0 -1.000000 -11.499998 4.500010 0.046875 0.000000 -1
0 -0.500000 -9.499997 8.500010 0.015625 0.000000 -1
0 0.500000 -9.499997 8.500010 0.015625 0.000000 -1
0 0.000000 -11.499998 4.500010 0.046875 0.500000 -1
0 1.000000 -11.499998 4.500010 0.046875 0.000000 -1
0 1.000000 -11.499998 4.500010 0.046875 1.000000 -1
0 9.500000 -0.499997 8.500006 0.015625 0.000000 -1
0 0.500000 -9.499997 8.500010 0.015625 1.000000 -1
0 -0.500000 -9.499997 8.500010 0.015625 1.000000 -1
0 0.000000 -9.499997 8.500010 0.015625 0.500000 -1
0 9.500000 0.500003 8.500004 0.015625 1.000000 -1
0 1.000000 11.500002 4.500002 0.046875 0.000000 -1
0 0.500000 9.500003 8.500002 0.015625 0.000000 -1
0 -0.500000 9.500003 8.500002 0.015625 0.000000 -1
0 0.000000 11.500002 4.500002 0.046875 0.500000 -1
0 -1.000000 11.500002 4.500002 0.046875 0.000000 -1
0 -1.000000 11.500002 4.500002 0.046875 1.000000 -1
0 -9.500000 0.500003 8.500006 0.015625 0.000000 -1
0 -0.500000 9.500003 8.500002 0.015625 1.000000 -1
0 0.500000 9.500003 8.500002 0.015625 1.000000 -1
0 0.000000 9.500003 8.500002 0.015625 0.500000 -1
0 9.500000 0.500003 8.500004 0.015625 0.000000 -1
0 11.500000 0.000001 4.500005 0.046875 0.500000 -1
0 11.500000 1.000001 4.500004 0.046875 0.000000 -1
0 9.500000 -0.499997 8.500006 0.015625 1.000000 -1
0 9.500000 0.000003 8.500005 0.015625 0.500000 -1
0 -9.500000 -0.499997 8.500007 0.015625 0.000000 -1
0 -11.500000 0.000001 4.500007 0.046875 0.500000 -1
0 -11.500000 -0.999998 4.500007 0.046875 0.000000 -1
0 -9.500000 0.500003 8.500006 0.015625 1.000000 -1
0 -9.500000 0.000003 8.500007 0.015625 0.500000 -1
0 -26.500000 2.500000 0.000007 0.046875 1.000000 -1
0 2.500000 26.500000 -0.000003 0.046875 0.000000 -1
0 24.500000 2.000001 4.000003 0.015625 0.000000 -1
0 -2.500000 26.500000 -0.000003 0.046875 1.000000 -1
0 26.500000 -2.500000 0.000004 0.046875 1.000000 -1
0 -2.500000 -26.500000 0.000014 0.046875 0.000000 -1
0 -26.500000 -2.500000 0.000009 0.046875 0.000000 -1
0 2.500000 -26.500000 0.000014 0.046875 1.000000 -1
0 26.500000 -2.500000 0.000004 0.046875 0.000000 -1
0 26.500000 2.500000 0.000002 0.046875 1.000000 -1
0 -26.500000 2.500000 0.000007 0.046875 0.000000 -1
0 -26.500000 -2.500000 0.000009 0.046875 1.000000 -1
0 -11.500000 -0.999998 4.500007 0.046875 1.000000 -1
0 11.500000 -0.999998 4.500005 0.046875 0.000000 -1
0 -1.000000 -11.499998 4.500010 0.046875 1.000000 -1
0 11.500000 1.000001 4.500004 0.046875 1.000000 -1
0 -11.500000 1.000001 4.500007 0.046875 0.000000 -1
0 1.000000 11.500002 4.500002 0.046875 1.000000 -1
0 11.500000 -0.999998 4.500005 0.046875 1.000000 -1
0 -11.500000 1.000001 4.500007 0.046875 1.000000 -1
48
-0.299600 -0.907100 0.295800
-0.731300 0.262700 0.629500
-0.609600 0.539200 -0.581200
-0.965500 0.233800 0.114700
-0.000000 0.520800 0.853700
-0.000000 0.516800 0.856100
0.382600 0.156900 0.910500
-0.677800 -0.628200 0.382100
0.299400 0.907100 0.295800
0.669200 -0.034300 0.742300
0.603700 -0.544000 -0.582700
0.968200 -0.227100 0.104900
-0.000000 -0.520800 0.853700
-0.000000 -0.516800 0.856100
-0.545800 -0.256200 0.797800
0.683500 0.643300 0.344900
0.520800 -0.000000 0.853700
0.516800 -0.000000 0.856100
0.556700 0.226500 0.799200
-0.520800 -0.000000 0.853700
-0.516800 -0.000000 0.856100
0.811100 0.336300 -0.478600
-0.883400 -0.301600 -0.358800
-0.804900 -0.591900 -0.041300
0.854700 -0.438200 -0.278300
0.000100 0.998500 0.054500
0.887200 -0.461100 -0.018100
-0.261100 -0.103200 -0.959800
0.853100 0.274300 -0.443800
-0.405800 0.139100 -0.903300
0.758400 -0.642800 0.107900
0.826100 0.524400 -0.206200
-0.854600 0.438400 -0.278200
-0.000100 -0.998500 0.054500
-0.882000 0.470800 0.018900
0.261100 0.103200 -0.959800
-0.853100 -0.274300 -0.443800
-0.582300 -0.000000 -0.812900
-0.413200 0.044300 -0.909600
-0.525600 0.025200 -0.850400
0.582300 -0.000000 -0.812900
0.416700 -0.081900 -0.905400
0.525600 -0.025200 -0.850400
-0.513000 0.218700 0.830000
0.513000 -0.218700 0.830000
-0.382700 -0.156800 0.910500
-0.157100 0.304900 -0.939300
0.343900 0.079100 -0.935700
48
0 0 1 2 0 1 2 1
0 3 4 5 3 4 5 1
0 6 7 8 3 6 7 1
0 4 9 5 4 2 5 1
0 10 11 12 8 9 10 1
0 13 14 15 11 12 13 1
0 16 17 18 14 15 11 1
0 14 19 15 12 10 13 1
0 20 21 22 9 16 17 1
0 21 23 22 16 18 17 1
0 24 25 26 1 19 20 1
0 25 27 26 19 14 20 1
0 28 29 30 21 22 23 1
0 31 32 33 24 25 26 1
0 34 35 36 26 27 24 1
0 37 32 38 23 25 28 1
0 39 40 41 29 30 31 1
0 42 43 44 32 33 34 1
0 45 46 47 34 35 32 1
0 48 43 49 31 33 36 1
0 50 51 52 29 37 38 1
0 53 51 54 27 37 39 1
0 55 56 57 21 40 41 1
0 58 56 59 35 40 42 1
0 0 60 1 0 43 1 1
0 3 61 4 3 7 4 1
0 6 62 7 3 18 6 1
0 4 63 9 4 0 2 1
0 10 64 11 8 44 9 1
0 13 65 14 11 15 12 1
0 16 66 17 14 45 15 1
0 14 67 19 12 8 10 1
0 20 68 21 9 44 16 1
0 21 69 23 16 6 18 1
0 24 70 25 1 43 19 1
0 25 71 27 19 45 14 1
0 28 72 29 21 41 22 1
0 31 38 32 24 28 25 1
0 34 73 35 26 46 27 1
0 37 74 32 23 22 25 1
0 39 75 40 29 38 30 1
0 42 49 43 32 36 33 1
0 45 76 46 34 47 35 1
0 48 77 43 31 30 33 1
0 50 54 51 29 39 37 1
0 53 78 51 27 46 37 1
0 55 59 56 21 42 40 1
0 58 79 56 35 47 40 1

Materials: 4
"Fill"
1.000000 1.000000 1.000000 1.000000
0.800000 0.800000 0.800000 1.000000
0.500000 0.500000 0.500000 1.000000
0.000000 0.000000 0.000000 1.000000
0.128000
1.000000
"textures/Fill.ini"
""
"Frame.Black"
1.000000 1.000000 1.000000 1.000000
0.800000 0.800000 0.800000 1.000000
0.500000 0.500000 0.500000 1.000000
0.000000 0.000000 0.000000 1.000000
0.128000
1.000000
"textures/FrameBlack.png"
""
"Frame.Chrome"
1.000000 1.000000 1.000000 1.000000
0.800000 0.800000 0.800000 1.000000
0.500000 0.500000 0.500000 1.000000
0.000000 0.000000 0.000000 1.000000
0.128000
1.000000
"textures/FrameChrome.ini"
""
"Frame.Vibrant"
1.000000 1.000000 1.000000 1.000000
0.800000 0.800000 0.800000 1.000000
0.500000 0.500000 0.500000 1.000000
0.000000 0.000000 0.000000 1.000000
0.128000
1.000000
"textures/FrameVibrant.ini"
""

Bones: 0
GroupComments: 0
MaterialComments: 0
BoneComments: 0
ModelComment: 0
