// MilkShape 3D ASCII

Frames: 30
Frame: 1

Meshes: 3
"default" 0 0
14
0 -15.000000 -0.000002 4.000000 0.039062 -0.062500 -1
0 0.000004 -25.000000 4.000000 0.015625 -0.187500 -1
0 0.000002 -15.000000 4.000000 0.015625 -0.062500 -1
0 15.000000 0.000002 4.000000 0.039062 -0.062500 -1
0 0.000000 0.000000 4.000000 0.039062 -0.062500 -1
0 13.000000 0.000002 4.000000 0.046875 -0.187500 -1
0 -0.000002 13.000000 4.000000 0.015625 -0.187500 -1
0 0.000000 0.000000 4.000000 0.015625 -0.062500 -1
0 -13.000000 -0.000002 4.000000 0.046875 -0.187500 -1
0 0.000002 -13.000000 4.000000 0.015625 -0.187500 -1
0 -0.000004 25.000000 4.000000 0.015625 -0.187500 -1
0 -0.000002 15.000000 4.000000 0.015625 -0.062500 -1
0 -25.000000 -0.000004 4.000000 0.046875 -0.187500 -1
0 25.000000 0.000004 4.000000 0.046875 -0.187500 -1
5
-0.000000 -0.000000 1.000000
0.437600 0.101300 0.893400
-0.000000 0.132100 0.991200
0.131000 -0.176200 0.975600
-0.018200 -0.264700 0.964200
12
0 0 1 2 0 0 0 1
0 1 3 2 0 0 0 1
0 4 5 6 0 1 2 1
0 7 6 8 0 2 3 1
0 7 9 5 0 4 1 1
0 4 8 9 0 3 4 1
0 10 0 11 0 0 0 1
0 3 10 11 0 0 0 1
0 0 12 1 0 0 0 1
0 1 13 3 0 0 0 1
0 10 12 0 0 0 0 1
0 3 13 10 0 0 0 1
"Frame.Chrome" 0 2
32
0 0.000005 -30.000000 0.000000 0.398438 0.000000 -1
0 27.000000 0.000004 4.000000 0.101562 1.000000 -1
0 0.000004 -27.000000 4.000000 0.101562 0.000000 -1
0 -30.000000 -0.000005 0.000000 0.601562 0.000000 -1
0 -0.000005 32.000000 0.000000 0.898438 1.000000 -1
0 -32.000000 -0.000005 0.000000 0.898438 0.000000 -1
0 32.000000 0.000005 0.000000 0.898438 1.000000 -1
0 -0.000005 30.000000 0.000000 0.601562 0.000000 -1
0 30.000000 0.000005 0.000000 0.601562 1.000000 -1
0 0.000004 -27.000000 4.000000 0.101562 1.000000 -1
0 -30.000000 -0.000005 0.000000 0.398438 0.000000 -1
0 0.000005 -30.000000 0.000000 0.398438 1.000000 -1
0 -32.000000 -0.000005 0.000000 0.898438 1.000000 -1
0 0.000005 -30.000000 0.000000 0.601562 0.000000 -1
0 -30.000000 -0.000005 0.000000 0.601562 1.000000 -1
0 -0.000004 27.000000 4.000000 0.101562 1.000000 -1
0 30.000000 0.000005 0.000000 0.398438 0.000000 -1
0 -0.000005 30.000000 0.000000 0.398438 1.000000 -1
0 30.000000 0.000005 0.000000 0.601562 0.000000 -1
0 0.000005 -32.000000 0.000000 0.898438 1.000000 -1
0 32.000000 0.000005 0.000000 0.898438 0.000000 -1
0 -0.000005 30.000000 0.000000 0.398438 0.000000 -1
0 -27.000000 -0.000004 4.000000 0.101562 1.000000 -1
0 -0.000004 27.000000 4.000000 0.101562 0.000000 -1
0 30.000000 0.000005 0.000000 0.398438 1.000000 -1
0 -0.000005 30.000000 0.000000 0.601562 1.000000 -1
0 -0.000005 32.000000 0.000000 0.898438 0.000000 -1
0 -27.000000 -0.000004 4.000000 0.101562 0.000000 -1
0 0.000005 -32.000000 0.000000 0.898438 0.000000 -1
0 27.000000 0.000004 4.000000 0.101562 0.000000 -1
0 0.000005 -30.000000 0.000000 0.601562 1.000000 -1
0 -30.000000 -0.000005 0.000000 0.398438 1.000000 -1
9
-0.000000 -0.238100 0.971300
0.207500 -0.430800 0.878300
-0.000000 -0.587900 0.808900
-0.049300 0.203100 0.977900
-0.000000 -0.000000 1.000000
-0.000000 0.238100 0.971300
0.495600 -0.000000 0.868500
-0.000000 0.587900 0.808900
-0.207500 0.430800 0.878300
16
0 0 1 2 0 1 2 1
0 3 4 5 3 4 4 1
0 6 7 8 4 5 6 1
0 9 10 11 2 3 0 1
0 12 13 14 4 0 3 1
0 15 16 17 7 6 5 1
0 18 19 20 6 4 4 1
0 21 22 23 5 8 7 1
0 0 24 1 0 6 1 1
0 3 25 4 3 5 4 1
0 6 26 7 4 4 5 1
0 9 27 10 2 8 3 1
0 12 28 13 4 4 0 1
0 15 29 16 7 1 6 1
0 18 30 19 6 0 4 1
0 21 31 22 5 3 8 1
"Frame.Black" 0 1
16
0 0.000002 -15.000000 4.000000 0.953125 0.500000 -1
0 13.000000 0.000002 4.000000 0.953125 0.500000 -1
0 0.000002 -13.000000 4.000000 0.953125 0.500000 -1
0 -13.000000 -0.000002 4.000000 0.953125 0.500000 -1
0 -0.000004 27.000000 4.000000 0.953125 0.500000 -1
0 -25.000000 -0.000004 4.000000 0.953125 0.500000 -1
0 -0.000004 25.000000 4.000000 0.953125 0.500000 -1
0 25.000000 0.000004 4.000000 0.953125 0.500000 -1
0 0.000004 -27.000000 4.000000 0.953125 0.500000 -1
0 0.000004 -25.000000 4.000000 0.953125 0.500000 -1
0 -0.000002 15.000000 4.000000 0.953125 0.500000 -1
0 -0.000002 13.000000 4.000000 0.953125 0.500000 -1
0 15.000000 0.000002 4.000000 0.953125 0.500000 -1
0 -15.000000 -0.000002 4.000000 0.953125 0.500000 -1
0 -27.000000 -0.000004 4.000000 0.953125 0.500000 -1
0 27.000000 0.000004 4.000000 0.953125 0.500000 -1
9
-0.000000 -0.000000 1.000000
0.437600 0.101300 0.893400
-0.018200 -0.264700 0.964200
0.131000 -0.176200 0.975600
-0.000000 0.587900 0.808900
-0.000000 -0.587900 0.808900
-0.000000 0.132100 0.991200
-0.207500 0.430800 0.878300
0.207500 -0.430800 0.878300
16
0 0 1 2 0 1 2 1
0 3 0 2 3 0 2 1
0 4 5 6 4 0 0 1
0 7 4 6 0 4 0 1
0 5 8 9 0 5 0 1
0 8 7 9 5 0 0 1
0 1 10 11 1 0 6 1
0 10 3 11 0 3 6 1
0 0 12 1 0 0 1 1
0 3 13 0 3 0 0 1
0 4 14 5 4 7 0 1
0 7 15 4 0 8 4 1
0 5 14 8 0 7 5 1
0 8 15 7 5 8 0 1
0 1 12 10 1 0 0 1
0 10 13 3 0 0 3 1

Materials: 3
"Fill"
1.000000 1.000000 1.000000 1.000000
0.800000 0.800000 0.800000 1.000000
0.500000 0.500000 0.500000 1.000000
0.000000 0.000000 0.000000 1.000000
0.128000
1.000000
"textures/FrameBlack.png"
""
"Frame.Black"
1.000000 1.000000 1.000000 1.000000
0.800000 0.800000 0.800000 1.000000
0.500000 0.500000 0.500000 1.000000
0.000000 0.000000 0.000000 1.000000
0.128000
1.000000
"textures/FrameBlack.png"
""
"Frame.Chrome"
1.000000 1.000000 1.000000 1.000000
0.800000 0.800000 0.800000 1.000000
0.500000 0.500000 0.500000 1.000000
0.000000 0.000000 0.000000 1.000000
0.128000
1.000000
"textures/FrameLift.ini"
""

Bones: 0
GroupComments: 0
MaterialComments: 0
BoneComments: 0
ModelComment: 0
