// MilkShape 3D ASCII

Frames: 30
Frame: 1

Meshes: 4
"Fill" 0 0
12
0 0.000000 25.000000 4.000012 0.046875 -0.187500 -1
0 -5.000000 1.500000 4.000014 0.015625 0.125000 -1
0 0.000000 -3.500000 4.000015 0.015625 0.250000 -1
0 5.000000 1.500000 4.000014 0.015625 0.125000 -1
0 5.000000 20.000000 4.000013 0.015625 -0.187500 -1
0 0.000000 -15.000000 4.000015 0.015625 -0.062500 -1
0 25.000000 0.000000 4.000014 0.046875 -0.187500 -1
0 20.000000 5.000000 4.000014 0.046875 -0.062500 -1
0 -25.000000 0.000000 4.000014 0.046875 -0.187500 -1
0 0.000000 -25.000000 4.000016 0.015625 -0.187500 -1
0 -5.000000 20.000000 4.000013 0.015625 -0.187500 -1
0 -20.000000 5.000000 4.000014 0.046875 -0.062500 -1
1
-0.000000 -0.000000 1.000000
8
0 0 1 2 0 0 0 1
0 0 3 4 0 0 0 1
0 5 6 7 0 0 0 1
0 5 8 9 0 0 0 1
0 0 10 1 0 0 0 1
0 0 2 3 0 0 0 1
0 5 9 6 0 0 0 1
0 5 11 8 0 0 0 1
"Frame.Vibrant" 0 3
24
0 0.000000 27.000000 4.000012 0.031250 0.046875 -1
0 -8.000000 21.500000 0.000013 0.015625 0.203125 -1
0 -6.500000 20.500000 4.000013 0.023438 0.218750 -1
0 20.000000 7.000000 4.000014 0.023438 0.046875 -1
0 0.000000 -10.500000 0.000015 0.015625 0.562500 -1
0 0.000000 -13.000000 4.000015 0.015625 0.593750 -1
0 0.000000 -5.500000 4.000015 0.031250 0.953125 -1
0 -8.000000 0.000000 0.000014 0.015625 0.796875 -1
0 0.000000 -8.000000 0.000015 0.031250 1.000000 -1
0 8.000000 21.500000 0.000013 0.046875 0.203125 -1
0 6.500000 20.500000 4.000013 0.039062 0.218750 -1
0 -27.000000 0.000000 4.000014 0.039062 0.218750 -1
0 0.000000 -29.500000 0.000017 0.015625 1.000000 -1
0 0.000000 -27.000000 4.000016 0.015625 0.953125 -1
0 27.000000 0.000000 4.000014 0.039062 0.218750 -1
0 8.000000 0.000000 0.000014 0.046875 0.796875 -1
0 -29.500000 0.000000 0.000014 0.046875 0.218750 -1
0 -20.000000 7.000000 4.000014 0.023438 0.046875 -1
0 -20.000000 9.500000 0.000014 0.023438 0.000000 -1
0 29.500000 0.000000 0.000014 0.046875 0.218750 -1
0 20.000000 9.500000 0.000014 0.023438 0.000000 -1
0 0.000000 29.500000 0.000012 0.031250 0.000000 -1
0 -6.500000 1.000000 4.000014 0.023438 0.781250 -1
0 6.500000 1.000000 4.000014 0.039062 0.781250 -1
17
-0.000000 0.625900 0.779900
-0.353400 0.147500 0.923800
-0.530000 0.312900 0.788200
-0.000000 0.261200 0.965300
-0.000000 -0.625900 0.779900
-0.734800 -0.317300 0.599500
-0.000000 -0.848000 0.530000
0.351300 0.202500 0.914100
0.577400 0.128800 0.806200
-0.487000 -0.092300 0.868500
-0.000000 -0.261200 0.965300
0.630900 0.187700 0.752800
0.734400 -0.306600 0.605500
-0.357600 -0.000000 0.933900
0.192000 -0.072900 0.978700
-0.595000 -0.228900 0.770400
0.576800 -0.225800 0.785100
24
0 0 1 2 0 1 2 1
0 3 4 5 0 0 3 1
0 6 7 8 4 5 6 1
0 9 0 10 7 0 8 1
0 11 12 13 9 10 4 1
0 12 14 13 10 11 4 1
0 10 15 9 8 12 7 1
0 15 6 8 12 4 6 1
0 7 2 1 5 2 1 1
0 16 17 18 13 0 3 1
0 4 17 5 0 0 3 1
0 3 19 20 0 14 3 1
0 0 21 1 0 3 1 1
0 3 20 4 0 3 0 1
0 6 22 7 4 15 5 1
0 9 21 0 7 3 0 1
0 11 16 12 9 13 10 1
0 12 19 14 10 14 11 1
0 10 23 15 8 16 12 1
0 15 23 6 12 16 4 1
0 7 22 2 5 15 2 1
0 16 11 17 13 9 0 1
0 4 18 17 0 3 0 1
0 3 14 19 0 11 14 1
"Frame.Chrome" 0 2
40
1 -32.000000 0.000000 0.000014 0.898438 1.000000 -1
1 0.000000 -29.500000 0.000017 0.601562 0.000000 -1
1 -29.500000 0.000000 0.000014 0.601562 1.000000 -1
1 -20.000000 12.000000 0.000014 0.898438 1.000000 -1
1 -29.500000 0.000000 0.000014 0.601562 0.000000 -1
1 -20.000000 9.500000 0.000014 0.601562 1.000000 -1
1 0.000000 29.500000 0.000012 0.601562 0.000000 -1
1 10.000000 22.000000 0.000013 0.898438 1.000000 -1
1 0.000000 32.000000 0.000012 0.898438 0.000000 -1
1 0.000000 -29.500000 0.000017 0.601562 1.000000 -1
1 32.000000 0.000000 0.000014 0.898438 0.000000 -1
1 29.500000 0.000000 0.000014 0.601562 0.000000 -1
1 29.500000 0.000000 0.000014 0.601562 1.000000 -1
1 20.000000 12.000000 0.000014 0.898438 0.000000 -1
1 20.000000 9.500000 0.000014 0.601562 0.000000 -1
1 -8.000000 21.500000 0.000013 0.601562 1.000000 -1
1 -10.000000 2.000000 0.000014 0.898438 0.000000 -1
1 -8.000000 0.000000 0.000014 0.601562 0.000000 -1
1 10.000000 2.000000 0.000014 0.898438 1.000000 -1
1 8.000000 21.500000 0.000013 0.601562 0.000000 -1
1 8.000000 0.000000 0.000014 0.601562 1.000000 -1
1 -20.000000 9.500000 0.000014 0.601562 0.000000 -1
1 0.000000 -8.000000 0.000015 0.898438 1.000000 -1
1 -20.000000 12.000000 0.000014 0.898438 0.000000 -1
1 -10.000000 22.000000 0.000013 0.898438 0.000000 -1
1 0.000000 29.500000 0.000012 0.601562 1.000000 -1
1 0.000000 32.000000 0.000012 0.898438 1.000000 -1
1 0.000000 -8.000000 0.000015 0.898438 0.000000 -1
1 20.000000 9.500000 0.000014 0.601562 1.000000 -1
1 20.000000 12.000000 0.000014 0.898438 1.000000 -1
1 0.000000 -32.000000 0.000017 0.898438 0.000000 -1
1 -32.000000 0.000000 0.000014 0.898438 0.000000 -1
1 8.000000 21.500000 0.000013 0.601562 1.000000 -1
1 0.000000 -32.000000 0.000017 0.898438 1.000000 -1
1 32.000000 0.000000 0.000014 0.898438 1.000000 -1
1 -10.000000 22.000000 0.000013 0.898438 1.000000 -1
1 10.000000 22.000000 0.000013 0.898438 0.000000 -1
1 0.000000 -10.500000 0.000015 0.601562 1.000000 -1
1 -8.000000 21.500000 0.000013 0.601562 0.000000 -1
1 0.000000 -10.500000 0.000015 0.601562 0.000000 -1
10
-0.000000 -0.000000 1.000000
-0.000000 -0.261200 0.965300
-0.357600 -0.000000 0.933900
-0.000000 0.261200 0.965300
0.192000 -0.072900 0.978700
-0.353400 0.147500 0.923800
-0.734800 -0.317300 0.599500
0.351300 0.202500 0.914100
0.734400 -0.306600 0.605500
-0.000000 0.625900 0.779900
20
0 0 1 2 0 1 2 1
0 3 4 5 0 2 3 1
0 6 7 8 3 0 0 1
0 9 10 11 1 0 4 1
0 12 13 14 4 0 3 1
0 15 16 17 5 0 6 1
0 18 19 20 0 7 8 1
0 21 22 23 3 0 0 1
0 24 25 26 0 3 0 1
0 27 28 29 0 3 0 1
0 0 30 1 0 0 1 1
0 3 31 4 0 0 2 1
0 6 32 7 3 7 0 1
0 9 33 10 1 0 0 1
0 12 34 13 4 0 0 1
0 15 35 16 5 0 0 1
0 18 36 19 0 0 7 1
0 21 37 22 3 9 0 1
0 24 38 25 0 5 3 1
0 27 39 28 0 9 3 1
"Frame.Black" 0 1
24
0 0.000000 25.000000 4.000012 0.500000 0.500000 -1
0 -6.500000 20.500000 4.000013 0.500000 0.500000 -1
0 -5.000000 20.000000 4.000013 0.500000 0.500000 -1
0 0.000000 -27.000000 4.000016 0.500000 0.500000 -1
0 25.000000 0.000000 4.000014 0.500000 0.500000 -1
0 0.000000 -25.000000 4.000016 0.500000 0.500000 -1
0 0.000000 -3.500000 4.000015 0.500000 0.500000 -1
0 6.500000 1.000000 4.000014 0.500000 0.500000 -1
0 5.000000 1.500000 4.000014 0.500000 0.500000 -1
0 0.000000 -13.000000 4.000015 0.500000 0.500000 -1
0 -20.000000 5.000000 4.000014 0.500000 0.500000 -1
0 0.000000 -15.000000 4.000015 0.500000 0.500000 -1
0 20.000000 5.000000 4.000014 0.500000 0.500000 -1
0 27.000000 0.000000 4.000014 0.500000 0.500000 -1
0 -20.000000 7.000000 4.000014 0.500000 0.500000 -1
0 -25.000000 0.000000 4.000014 0.500000 0.500000 -1
0 -27.000000 0.000000 4.000014 0.500000 0.500000 -1
0 -6.500000 1.000000 4.000014 0.500000 0.500000 -1
0 -5.000000 1.500000 4.000014 0.500000 0.500000 -1
0 5.000000 20.000000 4.000013 0.500000 0.500000 -1
0 6.500000 20.500000 4.000013 0.500000 0.500000 -1
0 0.000000 27.000000 4.000012 0.500000 0.500000 -1
0 0.000000 -5.500000 4.000015 0.500000 0.500000 -1
0 20.000000 7.000000 4.000014 0.500000 0.500000 -1
10
-0.000000 -0.000000 1.000000
-0.530000 0.312900 0.788200
-0.000000 -0.625900 0.779900
0.576800 -0.225800 0.785100
-0.000000 0.261200 0.965300
0.630900 0.187700 0.752800
-0.000000 0.625900 0.779900
-0.487000 -0.092300 0.868500
-0.595000 -0.228900 0.770400
0.577400 0.128800 0.806200
24
0 0 1 2 0 1 0 1
0 3 4 5 2 0 0 1
0 6 7 8 0 3 0 1
0 9 10 11 4 0 0 1
0 12 9 11 0 4 0 1
0 13 12 4 5 0 0 1
0 14 15 10 6 0 0 1
0 16 5 15 7 0 0 1
0 17 6 18 8 0 0 1
0 7 19 8 3 0 0 1
0 20 0 19 9 0 0 1
0 17 2 1 8 0 1 1
0 0 21 1 0 6 1 1
0 3 13 4 2 5 0 1
0 6 22 7 0 2 3 1
0 9 14 10 4 6 0 1
0 12 23 9 0 6 4 1
0 13 23 12 5 6 0 1
0 14 16 15 6 7 0 1
0 16 3 5 7 2 0 1
0 17 22 6 8 2 0 1
0 7 20 19 3 9 0 1
0 20 21 0 9 6 0 1
0 17 18 2 8 0 0 1

Materials: 4
"Fill"
1.000000 1.000000 1.000000 1.000000
0.800000 0.800000 0.800000 1.000000
0.500000 0.500000 0.500000 1.000000
0.000000 0.000000 0.000000 1.000000
0.128000
1.000000
"textures/Fill.ini"
""
"Frame.Black"
1.000000 1.000000 1.000000 1.000000
0.800000 0.800000 0.800000 1.000000
0.500000 0.500000 0.500000 1.000000
0.000000 0.000000 0.000000 1.000000
0.128000
1.000000
"textures/FrameBlack.png"
""
"Frame.Chrome"
1.000000 1.000000 1.000000 1.000000
0.800000 0.800000 0.800000 1.000000
0.500000 0.500000 0.500000 1.000000
0.000000 0.000000 0.000000 1.000000
0.128000
1.000000
"textures/FrameChrome.ini"
""
"Frame.Vibrant"
1.000000 1.000000 1.000000 1.000000
0.800000 0.800000 0.800000 1.000000
0.500000 0.500000 0.500000 1.000000
0.000000 0.000000 0.000000 1.000000
0.128000
1.000000
"textures/FrameVibrant.ini"
""

Bones: 0
GroupComments: 0
MaterialComments: 0
BoneComments: 0
ModelComment: 0
